Potential vs. RHE [V],Current [A]
0.07169681441540172,-0.00031484436492919927
0.07215628328866559,-0.0003151555389404297
0.07261234175915172,-0.0003149680847167969
0.07306888743003467,-0.00031483311767578127
0.07352616390151286,-0.00031484061584472655
0.07398319677279264,-0.00031477313232421876
0.07444144764506445,-0.00031489685211181644
0.07489677531495535,-0.00031457817993164064
0.07535551338762399,-0.0003147693832397461
0.07580986665672126,-0.00031433074035644535
0.07627006633058035,-0.0003147543869018555
0.07672271439828875,-0.00031401581726074216
0.07718388847294148,-0.0003145819290161133
0.07763872894243558,-0.00031417327880859373
0.07809844141589785,-0.00031451444549560547
0.07855133308380466,-0.00031381336669921876
0.0790125071584574,-0.00031438322753906246
0.07946588602676102,-0.0003137308868408203
0.07992730370161216,-0.00031434948577880857
0.08038043896971737,-0.0003136709014892578
0.08084039504337806,-0.0003139820755004883
0.08129523551287215,-0.000313580923461914
0.0817542171857392,-0.00031382836303710937
0.0822097884558285,-0.0003135359344482422
0.0826675521277035,-0.0003135809234619141
0.08312385419838805,-0.00031341221466064457
0.08358088706966782,-0.00031334098205566406
0.08403962514233647,-0.0003135171890258789
0.08449641441341782,-0.00031341221466064457
0.08495417808529282,-0.00031344595642089846
0.08541072375617578,-0.0003132884948730469
0.08586970542904282,-0.0003135546798706055
0.08632478949873532,-0.00031316477508544916
0.08678377117160237,-0.0003133784729003906
0.08723934244169168,-0.00031307479705810544
0.08769905491515397,-0.00031340096740722657
0.08815340818425123,-0.00031291358642578126
0.08861360785811032,-0.00031331098937988284
0.08906796112720758,-0.00031281985931396486
0.08952767360066986,-0.00031314228057861327
0.08998227046996554,-0.00031268114318847663
0.09044344454461828,-0.00031319476776123044
0.09089828501411236,-0.0003128086120605469
0.09135824108777305,-0.0003131685241699219
0.09181356875766394,-0.00031283110656738286
0.09227303763092781,-0.0003131197860717774
0.09272860890101713,-0.00031281985931396486
0.09318685977328894,-0.00031292483367919926
0.09364389264456872,-0.0003128498519897461
0.09410165631644372,-0.0003128536010742188
0.09455820198732667,-0.0003127111358642578
0.0950145040580112,-0.00031249368896484373
0.09547251133008462,-0.00031260616149902346
0.09592954420136439,-0.00031250118713378906
0.09638682067284257,-0.00031244120178222656
0.09684312274352712,-0.00031224250030517577
0.09730234801659257,-0.0003124936889648438
0.09775718848608665,-0.00031205879516601565
0.0982159265587553,-0.0003122387512207031
0.0986712542286462,-0.00031188258819580075
0.09913096670210848,-0.00031220126037597655
0.09958580717160256,-0.0003117626174926758
0.10004551964506483,-0.00031208503875732426
0.10050036011455893,-0.00031157891235351567
0.1009598289878228,-0.0003118863372802734
0.10141540025791211,-0.00031157891235351567
0.1018753563315728,-0.0003119500717163086
0.1023306840014637,-0.0003115939086914062
0.10278990927452915,-0.00031186009368896486
0.10324572414481688,-0.0003115826614379883
0.10370446221748551,-0.00031175511932373046
0.10416125148856688,-0.0003116276504516602
0.1046195023608387,-0.00031172512664794924
0.10507629163192006,-0.0003116201522827148
0.10553381170359664,-0.00031160140686035156
0.10599108817507483,-0.0003115339233398438
0.10644787744615619,-0.00031141020355224605
0.10690539751783278,-0.00031139145812988277
0.10736169958851732,-0.0003111815093994141
0.10782165566217801,-0.00031154142150878906
0.10827747053246572,-0.0003112489929199219
0.10873523420434072,-0.0003112714874267578
0.10919031827403322,-0.00031087408447265624
0.10965100514828914,-0.0003113389709472656
0.11010584561778322,-0.00031091907348632813
0.11056458369045187,-0.00031108778228759764
0.11101918055974754,-0.00031063039398193356
0.11147889303320982,-0.00031094906616210935
0.11193470790349754,-0.0003106641357421875
0.11239442037695982,-0.0003109828079223633
0.11284950444665232,-0.0003105854049682617
0.11330897331991618,-0.00031086283721923824
0.1137647881902039,-0.0003105854049682617
0.11422328266267413,-0.00031070162658691406
0.11467982833355708,-0.0003105291687011719
0.11513881000642413,-0.00031076911010742184
0.1155958428777039,-0.00031066038665771484
0.11605385014977732,-0.00031072037200927734
0.11651015222046185,-0.0003105104232788086
0.11696767229213845,-0.00031047293243408205
0.1174242179630214,-0.0003103154708862305
0.11788052003370594,-0.00031009052581787113
0.11833755290498571,-0.000309993049621582
0.1187950729766623,-0.0003099593078613281
0.11925234944814048,-0.00030989557342529295
0.11970938231942026,-0.00030971936645507816
0.12016738959149366,-0.0003097943481445313
0.1206236916621782,-0.00030960314483642577
0.12108218613464843,-0.00030973811187744144
0.12153800100493616,-0.0003094606796264648
0.12199673907760479,-0.00030962563934326177
0.12245304114828934,-0.00030942318878173826
0.12291153562075957,-0.00030956565399169916
0.12336905569243616,-0.0003095319122314453
0.12382755016490639,-0.00030965938110351566
0.12428360863539252,-0.00030941194152832026
0.12474161590746592,-0.0003095019195556641
0.1251984051785473,-0.00030935945434570314
0.12565714325121594,-0.00030952066497802737
0.1261139325222973,-0.0003093781997680664
0.12657145259397387,-0.00030934820709228514
0.12702848546525364,-0.0003092657272338867
0.12748649273732707,-0.00030930321807861325
0.12794352560860683,-0.0003092019927978516
0.1284005584798866,-0.0003091082656860352
0.12885880935215843,-0.00030918699645996096
0.12931535502304137,-0.0003090107894897461
0.1297716570937259,-0.00030876709899902344
0.13022771556421206,-0.0003085459030151367
0.13068547923608706,-0.0003085459030151367
0.13114275570756523,-0.0003084971649169922
0.13160027577924183,-0.0003084784194946289
0.1320577958509184,-0.0003084671722412109
0.13251653392358706,-0.00030862838287353515
0.13297429759546206,-0.0003086396301269531
0.13343133046674183,-0.0003085309066772461
0.13388690173683113,-0.0003082084854125977
0.13434442180850772,-0.0003082084854125977
0.13480242908058113,-0.0003082684707641602
0.13526019275245613,-0.00030827971801757813
0.13571893082512476,-0.0003084371795654297
0.13617572009620613,-0.00030829096527099613
0.13663372736827953,-0.0003083434524536133
0.1370905166393609,-0.00030820473632812507
0.13754852391143432,-0.0003082497253417969
0.1380053131825157,-0.00030810726013183595
0.1384635640547875,-0.0003081972381591797
0.13892035332586886,-0.00030804727478027345
0.13937811699774386,-0.00030797229309082033
0.13983563706942045,-0.0003079685440063476
0.14029242634050182,-0.00030785232238769527
0.14074970281198,-0.0003077960861206055
0.14120649208306135,-0.0003076836135864258
0.14166474295533316,-0.00030776984252929687
0.14212055782562089,-0.00030749241027832035
0.14257905229809112,-0.000307616130065918
0.1430338927675852,-0.0003071737380981445
0.1434940924414443,-0.00030756739196777347
0.14394868931073998,-0.00030709125823974605
0.14440815818400385,-0.0003074024322509765
0.1448625114531011,-0.00030688505859375
0.14532295472715862,-0.0003073049560546875
0.14577730799625588,-0.000306787582397461
0.14623872567110702,-0.000307353694152832
0.1466935661406011,-0.0003069300476074219
0.14715425301485702,-0.00030739118499755857
0.14760836268375588,-0.0003068288223266602
0.14806831875741658,-0.00030716998901367183
0.14852413362770428,-0.0003068925567626953
0.14898360250096815,-0.0003071662399291992
0.1494399045716527,-0.00030697878570556643
0.14989864264432134,-0.00030713624725341794
0.15035470111480748,-0.00030688505859375004
0.150811003185492,-0.0003066638626098633
0.1512682796569702,-0.0003066076263427734
0.15172506892805154,-0.00030648390655517574
0.15218283259992654,-0.00030649140472412107
0.1526391346706111,-0.0003062552124023437
0.1530993343444702,-0.0003066488662719727
0.15355271321277383,-0.0003059815292358398
0.15401340008702974,-0.00030648390655517574
0.15446848415672224,-0.00030607900543212893
0.15492990183157337,-0.00030664136810302736
0.1553830370996786,-0.000305936540222168
0.15584494197492654,-0.00030658138275146485
0.15629734644243654,-0.00030577532958984374
0.1567592513176845,-0.0003064126739501953
0.1572121429855913,-0.00030567035522460935
0.15767429146103767,-0.00030634893951416017
0.15812791392953973,-0.0003057190933227539
0.15858884440399404,-0.0003062177215576172
0.15904173607190086,-0.00030540791931152344
0.1595029101465536,-0.0003059627838134766
0.15995726341565086,-0.000305456657409668
0.16041746308950997,-0.0003058615585327148
0.16087230355900403,-0.00030541916656494144
0.1613317724322679,-0.0003057115951538086
0.16178856170334927,-0.0003055728790283203
0.16224608177502586,-0.00030554663543701173
0.16270433264729767,-0.0003056328643798828
0.1631601475175854,-0.000305347933959961
0.16361985999104767,-0.00030568910064697263
0.16407396965994653,-0.0003051454833984375
0.16453416933380563,-0.0003055203918457031
0.16498754820210926,-0.00030485680389404296
0.16544945307735723,-0.00030550164642333984
0.16590258834546243,-0.0003047930694580078
0.16636498042110723,-0.00030552789001464845
0.1668168976882204,-0.0003046318588256836
0.1672800205644604,-0.00030545290832519533
0.16773047623038312,-0.0003043469284057617
0.16819432990721836,-0.0003052954467773438
0.16864454197294265,-0.00030411448516845703
0.1691081520495795,-0.0003050330108642578
0.16955958211629582,-0.00030407699432373047
0.17002319219293266,-0.0003049917709350586
0.17047486585984742,-0.0003040732452392578
0.170936527134897,-0.0003046843460083008
0.17138966240300219,-0.0003039982635498047
0.17185034927725812,-0.00030444815368652344
0.17230592054734742,-0.0003041219833374023
0.17276392781942082,-0.00030415947418212886
0.17322096069070061,-0.00030406574707031247
0.17367848076237719,-0.00030408074340820314
0.17413648803445061,-0.00030412948150634764
0.17459303370533355,-0.0003039307800292969
0.17505250257859742,-0.0003042082122802734
0.17550758664828991,-0.0003037958129882813
0.17596900432314105,-0.0003043806701660156
0.17642165239084945,-0.00030359711151123044
0.17688380086629582,-0.00030427569580078126
0.1773359617336074,-0.00030343215179443354
0.17779859740945061,-0.00030417447052001953
0.17825075827676218,-0.00030324469757080075
0.17871461195359742,-0.00030421945953369137
0.17916482401932174,-0.0003030797378540039
0.17962819049576015,-0.0003039645217895508
0.18007913336207967,-0.00030293352355957034
0.18054201263812128,-0.00030373582763671867
0.1809929555044408,-0.0003027048294067382
0.18145534758008558,-0.0003034321517944336
0.18190775204759557,-0.00030261860046386715
0.18236916972244674,-0.0003031847122192383
0.18282279219094877,-0.00030255486602783204
0.18328274826460944,-0.0003029410217285156
0.18373807593450037,-0.00030257736053466793
0.1841975448077642,-0.0003028472946166992
0.1846548212792424,-0.00030278356018066405
0.18511185415052217,-0.0003026673385620117
0.1855708358233892,-0.0003028772872924804
0.18602640709347854,-0.00030253986968994137
0.18648660676733764,-0.0003029222763061523
0.1869409600364349,-0.00030240865173339847
0.1874018905108892,-0.00030290353088378906
0.18785502577899443,-0.0003022024520874024
0.188316687054044,-0.00030283229827880856
0.18876884792135556,-0.00030198125610351556
0.18923148359719877,-0.0003027273239135742
0.18968413166490716,-0.000301966259765625
0.1901457929399567,-0.0003025736114501953
0.19059746660687146,-0.00030166258392333987
0.1910605894831115,-0.00030249488067626953
0.19151275035042306,-0.0003016400894165039
0.19197489882586943,-0.00030231867370605474
0.19242754689357783,-0.00030154261322021486
0.1928892081686274,-0.0003021724594116211
0.19334258703693102,-0.00030152011871337886
0.19380303031098853,-0.0003019287689208985
0.1942578707804826,-0.0003014751296997071
0.19471733965374646,-0.00030174506378173826
0.1951726673236374,-0.00030138515167236324
0.1956304309955124,-0.0003014001480102539
0.19608795106718896,-0.0003013589080810547
0.19654474033827032,-0.0003012201919555664
0.19700347841093896,-0.00030137765350341796
0.1974592932812267,-0.0003010889739990234
0.1979192493548874,-0.00030136640625
0.19837408982438146,-0.00030093526153564455
0.19883453309843896,-0.0003013739044189453
0.19928864276733782,-0.00030083028717041015
0.19974859884099852,-0.00030118270111083984
0.20020246490969895,-0.0003006015930175782
0.20066436978494692,-0.00030125768280029296
0.20111750505305215,-0.00030055285491943363
0.2015789227279033,-0.00030112646484375
0.20203254519640532,-0.00030049661865234374
0.20249250127006602,-0.0003008452835083008
0.20294709813936168,-0.0003004103897094727
0.2034077850136176,-0.00030086027984619143
0.20386262548311168,-0.00030041788787841796
0.20432185075617715,-0.0003006540802001953
0.20477742202626645,-0.0003003204116821289
0.20523518569814145,-0.0003003391571044922
0.20569148776882598,-0.0003001142120361328
0.20615046944169305,-0.00030029791717529295
0.2066072587127744,-0.00030017044830322266
0.20706550958504621,-0.0003002341827392578
0.2075227860565244,-0.00030014045562744144
0.20797933172740735,-0.0002999829940795899
0.20843733899948078,-0.0003000392303466797
0.20889291026957008,-0.00029971680908203125
0.2093518919424371,-0.00029991176147460937
0.20980721961232804,-0.00029955934753417973
0.21026620128519508,-0.0002997655471801758
0.21072079815449074,-0.0002992931625366211
0.21118075422815144,-0.0002996155838012695
0.21163608189804234,-0.0002992669189453125
0.2120950635709094,-0.0002994543731689453
0.21255112204139553,-0.0002992444244384766
0.2130105909146594,-0.0002995068603515625
0.2134659185845503,-0.0002991357009887696
0.21392563105801257,-0.00029945437316894534
0.2143816895284987,-0.00029919193725585943
0.2148394532003737,-0.0002992031845092773
0.21529575527105824,-0.00029898198852539064
0.21575546774452053,-0.00029928191528320316
0.21621128261480824,-0.0002989932357788086
0.21666928988688167,-0.0002990307266235351
0.21712607915796303,-0.00029889201049804686
0.2175835992296396,-0.00029878703613281246
0.21804014490052256,-0.00029863332366943357
0.21849790857239756,-0.00029865206909179684
0.21895469784347893,-0.0002985283493041992
0.21941124351436186,-0.0002983446441650391
0.21986851998584006,-0.00029829590606689454
0.22032555285711983,-0.00029819468078613287
0.2207825857283996,-0.00029809720458984375
0.221240593000473,-0.0002981346954345703
0.22169738227155436,-0.00029799972839355464
0.22215465874303256,-0.00029796973571777347
0.22261217881470913,-0.0002979397430419922
0.22306994248658413,-0.0002979397430419922
0.22352697535786392,-0.0002978347686767578
0.2239844954295405,-0.0002978010269165039
0.2244420155012171,-0.00029777478332519534
0.2248997791730921,-0.0002977822814941406
0.22535681204437186,-0.0002976773071289063
0.22581457571624686,-0.00029768480529785156
0.22627160858752662,-0.00029757608184814455
0.22673010305999686,-0.00029769980163574217
0.22718713593127662,-0.0002976135726928711
0.22764416880255642,-0.0002975123474121094
0.228101688874233,-0.0002974823547363281
0.22855896534571118,-0.000297418620300293
0.22901648541738776,-0.000297396125793457
0.22947303108827072,-0.0002972236679077148
0.22993079476014572,-0.0002972386642456055
0.23038782763142548,-0.0002971261917114258
0.23084534770310208,-0.0002970961990356445
0.2313011625733898,-0.00029681126861572267
0.23175965704586005,-0.00029691624298095707
0.23221547191614775,-0.00029666505432128905
0.23267469718921321,-0.00029690874481201173
0.2331295376587073,-0.000296447607421875
0.23358876293177275,-0.00029668379974365233
0.23404360340126684,-0.00029623016052246097
0.2345033158747291,-0.00029654508361816404
0.23495864354462,-0.0002961739242553711
0.2354185996182807,-0.00029651884002685543
0.2358734400877748,-0.00029606894989013673
0.23633315256123708,-0.0002963801239013672
0.23678848023112797,-0.0002959339828491211
0.23724794910439184,-0.00029623016052246097
0.23770352037448114,-0.0002959002410888672
0.23816201484695138,-0.0002960314590454102
0.2386180733174375,-0.0002957877685546875
0.23907486258851887,-0.0002956490524291992
0.23953262626039387,-0.0002956827941894531
0.23998941553147524,-0.00029552533264160153
0.24044717920335024,-0.00029554032897949215
0.2409037248742332,-0.00029536787109375
0.241361975746505,-0.00029543910369873047
0.2418170598161975,-0.00029507919158935545
0.2422770158898582,-0.00029543160552978514
0.24273185635935227,-0.00029498171539306644
0.24319181243301297,-0.00029531913299560546
0.24364640930230863,-0.00029483925018310543
0.24410782697715977,-0.0002954166091918945
0.24456169304586023,-0.0002948205047607422
0.24502189271971933,-0.0002952029113769531
0.24547600238861816,-0.00029464429779052736
0.2459369328630725,-0.00029513917694091795
0.24639055533157453,-0.00029450933074951174
0.24685124220583046,-0.00029493297729492183
0.24730608267532453,-0.000294516828918457
0.2477655515485884,-0.00029477926483154293
0.24822112281867773,-0.00029446434173583985
0.24867961729114796,-0.00029458806152343753
0.2491359193618325,-0.00029438186187744146
0.24959319583331066,-0.00029431437835693357
0.2500502287045904,-0.0002942094039916992
0.25050653077527496,-0.0002939957061767578
0.2509650252477452,-0.00029411942596435544
0.25142205811902496,-0.000294036946105957
0.2518803089912968,-0.0002941269241333007
0.2523344186601957,-0.000293568310546875
0.25279461833405475,-0.00029395071716308593
0.2532487280029536,-0.00029338835449218745
0.25370990207760635,-0.00029391697540283204
0.2541637681463068,-0.0002933358673095703
0.25462518582115795,-0.0002938944808959961
0.25507880828965995,-0.00029325713653564455
0.2555397387641143,-0.0002937520156860352
0.25599311763241794,-0.0002930846786499023
0.2564540481068722,-0.0002934970779418945
0.2569066961745807,-0.00029273601379394535
0.25736713944863815,-0.00029317840576171877
0.2578214927177354,-0.0002926685302734375
0.2582814487913961,-0.00029301719512939454
0.2587377508620807,-0.0002928147445678711
0.259194540133162,-0.00029267227935791013
0.25965108580404495,-0.00029249982147216806
0.2601105546773088,-0.0002927735046386719
0.2605680747489854,-0.00029274351196289063
0.2610229152184795,-0.00029230111999511716
0.26148165329114814,-0.0002924960723876953
0.2619367373608406,-0.0002920911712646485
0.26239742423509654,-0.0002925410614013672
0.2628517775041938,-0.000292019938659668
0.26331319517904495,-0.00029258605041503907
0.2637660868469518,-0.00029185122985839846
0.26422774812200134,-0.0002924585815429687
0.26468039618970973,-0.0002916712738037109
0.26514351906594974,-0.00029250731964111323
0.26559592353345973,-0.0002916937683105469
0.2660578284087077,-0.0002923423599243164
0.26651023287621767,-0.0002915475540161133
0.2669714069508704,-0.0002920724258422852
0.26742527301957086,-0.00029148007049560544
0.26788522909323154,-0.0002918212371826172
0.2683393387621304,-0.00029127012176513676
0.26879905123559267,-0.0002916037902832031
0.2692541353052852,-0.0002911876419067383
0.2697131169781522,-0.00029137134704589843
0.2701696626490352,-0.00029119514007568364
0.27062669552031493,-0.00029107891845703125
0.27108445919218993,-0.0002911276565551757
0.27154003046227926,-0.00029078648986816406
0.2719992557353447,-0.00029101893310546874
0.2724540962048388,-0.00029056904296875
0.27291405227849946,-0.00029092145690917974
0.2733679183471999,-0.00029032160339355465
0.27382933602205106,-0.00029089521331787107
0.27428198408975946,-0.00029010040740966796
0.27474437616540426,-0.00029082023162841795
0.27519629343251745,-0.00028992794952392573
0.2756584419079638,-0.00029059903564453127
0.2761098719746801,-0.0002895567901611328
0.2765725076505233,-0.000290340348815918
0.2770251557182317,-0.00028956803741455076
0.2774875477938765,-0.00029030660705566403
0.2779399522613865,-0.0002894930557250977
0.27840161353643605,-0.0002901229019165039
0.2788554796051365,-0.00028953054656982426
0.279315922879194,-0.0002899466949462891
0.27977003254809285,-0.0002893955795288086
0.2802292578211583,-0.0002896355209350586
0.28068482909124765,-0.00028933184509277336
0.28114234916292424,-0.0002893056015014648
0.28160011283479924,-0.0002893130996704102
0.2820566585056822,-0.00028912189636230473
0.28251612737894605,-0.00028939183044433597
0.2829709678484401,-0.00028894568939208983
0.28343214192309285,-0.00028948930664062503
0.2838855207913965,-0.0002888069732666016
0.28434693846624765,-0.00028938058319091797
0.28479958653395604,-0.00028860077362060553
0.28526222220979924,-0.00028935059051513675
0.2857136522765156,-0.0002883570831298828
0.2861772623531524,-0.00028927935791015624
0.2866277180190751,-0.0002881771270751953
0.2870903536949183,-0.0002889306930541992
0.28754154016143624,-0.0002879371856689453
0.2880051502380731,-0.0002888482131958008
0.28845682390498784,-0.0002879259384155274
0.28891945958083104,-0.00028867575531005865
0.28937186404834103,-0.0002878584548950195
0.28983328172319217,-0.00028841706848144535
0.29028544259050376,-0.00028756602630615236
0.29074612946475964,-0.00028806465454101567
0.29120121353445216,-0.00028766350250244147
0.29165946440672397,-0.0002877347351074219
0.29211649727800376,-0.0002876297607421875
0.2925732865490851,-0.00028748354644775385
0.2930315374213569,-0.00028756227722167964
0.2934883266924383,-0.00028741606292724607
0.29394876996649577,-0.00028784345855712893
0.29440239243499783,-0.0002872023651123047
0.29486356650965057,-0.00028772723693847664
0.29531597097716056,-0.0002868274566650391
0.29577860665300376,-0.00028761476440429686
0.2962300367197201,-0.00028665124969482424
0.2966934031961585,-0.00028753978271484374
0.2971438588620812,-0.00028642255554199217
0.2976079561391149,-0.0002874123138427734
0.2980591426056328,-0.0002864300537109375
0.2985220218816744,-0.00028721736145019533
0.29897272114779555,-0.000286141374206543
0.29943633122443236,-0.00028705615081787116
0.2998872740907519,-0.00028600265808105475
0.3003496661663967,-0.00028676747131347653
0.3008025578343035,-0.000286021403503418
0.3012632447085594,-0.00028647129364013673
0.3017178415778551,-0.0002859914108276367
0.30217682325072215,-0.0002861788650512695
0.3026331253214067,-0.00028597266540527353
0.3030904017928849,-0.00028590518188476564
0.3035481654647599,-0.0002859051818847656
0.304004223935246,-0.00028564649505615234
0.3044639364087083,-0.0002859539199829102
0.30491853327800394,-0.0002854627899169922
0.3053792201522599,-0.00028613762512207027
0.3058323554203651,-0.00028540655364990233
0.3062947474960099,-0.0002860851379394531
0.306746664763123,-0.0002851853576660156
0.3072093004389662,-0.00028592017822265625
0.30766048690548414,-0.00028491542358398435
0.30812336618152575,-0.0002856989822387695
0.30857382184744847,-0.00028456675872802733
0.3090369447236885,-0.0002853878082275391
0.3094874003896112,-0.0002842630828857422
0.3099502796656528,-0.00028508038330078125
0.31040195333256754,-0.00028415435943603514
0.31086434540821234,-0.00028486668548583985
0.31131626267532553,-0.0002839556579589844
0.31177792395037507,-0.0002845667587280274
0.31223130281867867,-0.00028389192352294923
0.3126917460927362,-0.000284319319152832
0.31314683016242867,-0.0002839031707763672
0.31360581183529573,-0.0002840868759155273
0.31406211390598027,-0.0002838656799316406
0.314517928776268,-0.00028356575317382816
0.3149761796485398,-0.0002835882476806641
0.3154327253194228,-0.00028341953887939454
0.31589219419268666,-0.00028368947296142583
0.3163470346621807,-0.0002832620773315429
0.31680796513663506,-0.0002837607055664063
0.31726134400493866,-0.00028311211395263674
0.31772300527998826,-0.00028371946563720705
0.3181749225471014,-0.00028282718353271483
0.3186373146227462,-0.0002835432586669922
0.3190885010892641,-0.000282542253112793
0.3195513803653057,-0.00028333705902099614
0.32000256683182365,-0.0002823772933959961
0.32046544610786526,-0.0002831683502197266
0.32091711977478005,-0.0002822310791015625
0.3213792682502264,-0.00028290591430664067
0.3218319163179348,-0.00028213360290527345
0.3222928467923891,-0.0002826359802246093
0.3227459820604943,-0.0002819236541748047
0.3232076433355439,-0.00028252350769042965
0.3236615094042443,-0.0002819236541748047
0.32412170907810345,-0.00028230606079101563
0.3245770367479943,-0.0002819011596679687
0.3250350440200678,-0.0002819723922729493
0.3254918332911491,-0.0002818261779785156
0.32594813536183365,-0.00028161997833251953
0.3264066298343039,-0.0002817361999511718
0.3268619575041948,-0.0002813837860107422
0.32732142637745865,-0.0002816649673461914
0.3277760232467543,-0.0002811813354492188
0.32823646652081184,-0.0002815974838256836
0.3286900889893139,-0.00028097138671874994
0.3291510194637682,-0.00028146251678466797
0.32960415473187343,-0.0002808064270019531
0.33006532880652617,-0.00028132754974365235
0.33051773327403616,-0.0002805065002441406
0.3309801253496809,-0.0002812188262939453
0.3314325298171909,-0.00028040527496337895
0.33189370389184364,-0.00028093389587402343
0.3323473263603457,-0.0002803040496826172
0.33280825683480003,-0.0002807876815795898
0.3332635845046909,-0.0002804127731323242
0.33372329697815317,-0.00028072019805908203
0.33417765024725044,-0.00028019907531738283
0.3346371191205143,-0.0002803977767944336
0.33509244679040523,-0.00028004911193847654
0.33555094126287544,-0.0002801765808105469
0.33600724333355997,-0.00027997787933349615
0.33646354540424456,-0.000279760432434082
0.33692106547592116,-0.00027975668334960936
0.33737688034620883,-0.00027946050567626956
0.3378356184188775,-0.00027961421813964846
0.3382911896889668,-0.0002792842987060547
0.3387499277616354,-0.0002794417602539063
0.33920476823112955,-0.00027903685913085937
0.3396644807045918,-0.0002793517822265625
0.3401181031730938,-0.0002787106887817383
0.34057830284695295,-0.00027908934631347654
0.3410326561160502,-0.00027857197265625
0.3414926121897109,-0.00027891688842773436
0.34194672185860975,-0.0002783695220947266
0.3424078959332625,-0.00027890189208984375
0.34286249280255815,-0.0002784182601928711
0.3433224488762188,-0.0002787519287109375
0.3437768021453161,-0.00027824205322265626
0.34423627101857995,-0.0002785307327270508
0.3446913550882725,-0.0002781258316040039
0.3451503367611395,-0.000278320783996582
0.3456059080312288,-0.0002779908645629883
0.3460636717031038,-0.00027800211181640624
0.34651997377378835,-0.0002777921630859375
0.34697651944467134,-0.0002776159561157226
0.34743452671674474,-0.00027766094512939456
0.34789058518723087,-0.00027739476013183593
0.34834834885910587,-0.00027739476013183593
0.3488039201291952,-0.0002770685897827148
0.3492626582018638,-0.0002772597930908203
0.34971798587175473,-0.000276903630065918
0.35017696754462174,-0.00027707983703613285
0.35063229521451267,-0.00027671617584228516
0.35109200768797494,-0.0002770161026000977
0.35154709175766746,-0.00027661869964599605
0.35200607343053447,-0.0002767986557006836
0.3524616447006238,-0.0002764837326049805
0.35292111357388767,-0.0002767349212646484
0.3533761976435802,-0.0002763300201416016
0.3538354229166456,-0.0002764724853515625
0.3542902633861397,-0.00027606008605957034
0.35474900145880833,-0.00027622879486083985
0.35520481632909606,-0.0002759513626098632
0.35566233640077266,-0.0002759176208496094
0.3561183948712588,-0.0002756739303588867
0.3565764021433322,-0.00027573016662597654
0.35703294781421513,-0.00027555770874023437
0.3574904678858917,-0.0002755202178955078
0.3579470135567747,-0.000275344010925293
0.35840380282785606,-0.00027519404754638673
0.35886156649973106,-0.0002752427856445313
0.359318112170614,-0.0002750628295898438
0.35977611944268745,-0.00027510781860351567
0.360232421513372,-0.0002748791244506836
0.3606909159858422,-0.0002750028442382812
0.3611464872559315,-0.00027468792114257814
0.3616047381282033,-0.0002747591537475586
0.36206006579809424,-0.000274384245300293
0.36251880387076285,-0.00027453420867919924
0.362974862341249,-0.0002742867691040039
0.36343360041391765,-0.00027444048156738285
0.363889171684007,-0.0002740880676269531
0.3643474225562788,-0.0002741892929077149
0.3648037246269633,-0.00027395684967041015
0.3652614882988383,-0.0002739943405151367
0.36571803396972125,-0.0002737993881225586
0.36617506684100104,-0.0002737131591796875
0.3666318561120824,-0.00027357069396972657
0.36708888898336217,-0.0002734657196044922
0.36754592185464197,-0.0002733644943237305
0.3680027111257233,-0.0002732145309448242
0.3684597439970031,-0.0002731470474243164
0.36891628966788603,-0.00027297833862304687
0.36937405333976103,-0.00027295959320068353
0.36983084261084237,-0.00027282837524414063
0.37028860628271737,-0.00027282462615966797
0.3707439339526083,-0.0002724572158813476
0.3712021848248801,-0.00027254344482421873
0.3716589740959615,-0.0002724009796142578
0.3721167377678365,-0.00027240472869873044
0.37257352703891783,-0.0002722585144042969
0.37303153431099123,-0.0002722997543334961
0.3734883235820726,-0.0002720710601806641
0.37394681805454283,-0.0002722210235595703
0.37440287652502896,-0.000271973583984375
0.37486039659670556,-0.0002719510894775391
0.3753169422675885,-0.0002717861297607422
0.3757747059394635,-0.00027180862426757807
0.3762314952105449,-0.0002716699081420898
0.3766885280818246,-0.00027154993743896483
0.3771455609531044,-0.0002714599594116211
0.37760210662398735,-0.0002712800033569336
0.37805889589506875,-0.0002711375381469727
0.3785159287663485,-0.00027107380371093747
0.378972230837033,-0.00027085635681152345
0.3794297509087096,-0.0002708263641357422
0.379886540179791,-0.0002706689025878906
0.38034381665126915,-0.00027060516815185544
0.38080036232215214,-0.0002704364593505859
0.3812576387936303,-0.0002703614776611328
0.3817146716649101,-0.00027025275421142575
0.3821721917365867,-0.00027021526336669924
0.38262946820806487,-0.00027014777984619146
0.3830869882797414,-0.0002701177871704102
0.3835435339506244,-0.00026996032562255856
0.38400032322170574,-0.00026981786041259766
0.38445784329338234,-0.0002697991149902344
0.38491487616466213,-0.0002696866424560547
0.3853723962363387,-0.0002696603988647461
0.3858296727078169,-0.0002696116607666016
0.38628719277949347,-0.0002695779190063477
0.3867437384503764,-0.0002693867156982422
0.387201258522053,-0.00026936797027587897
0.38765780419293594,-0.00026917676696777346
0.38811483706421573,-0.00026911303253173823
0.38857138273509867,-0.0002689293273925781
0.38902817200618006,-0.0002687868621826172
0.3894852048774598,-0.0002686668914794922
0.3899419941485412,-0.00026852442626953125
0.39039878341962253,-0.0002683894592285156
0.39085508549030706,-0.0002681682632446289
0.39131187476138846,-0.0002680295471191406
0.3917689076326682,-0.00026791332550048827
0.39222691490474165,-0.0002679545654296875
0.3926844349764182,-0.00026791707458496093
0.3931407370471028,-0.000267632144165039
0.3935982571187793,-0.00026761714782714847
0.3940552899900591,-0.00026751967163085946
0.3945125664615373,-0.0002674746826171875
0.39496911213242025,-0.00026729097747802734
0.39542687580429525,-0.0002673172210693359
0.39588390867557505,-0.0002672084976196289
0.3963409415468548,-0.0002671147705078125
0.3967977308179362,-0.00026697980346679687
0.3972547636892159,-0.0002668748291015625
0.3977115529602973,-0.00026676610565185547
0.39816882943177545,-0.000266694873046875
0.39862537510265844,-0.00026652616424560545
0.3990821643737398,-0.0002663762008666992
0.3995391972450196,-0.0002662599792480469
0.3999952557155057,-0.0002660087905883789
0.4004532629875791,-0.00026606127777099615
0.40090956505826364,-0.000265843830871582
0.40136732873013864,-0.000265855078125
0.40182338720062477,-0.00026559264221191406
0.40228188167309503,-0.00026571636199951173
0.4027376965433827,-0.0002653826934814453
0.40319643461605137,-0.00026555140228271484
0.4036517622859423,-0.00026520273742675787
0.4041100131582141,-0.0002652927154541016
0.40456607162870023,-0.0002650415267944336
0.40502383530057523,-0.0002650640213012695
0.40548038097145817,-0.0002648953125
0.40593790104313476,-0.0002648615707397461
0.40639493391441456,-0.0002647490982055664
0.4068514795852975,-0.0002645766403198242
0.4073087560567757,-0.0002645016586303711
0.40776578892805543,-0.0002644416732788086
0.4082230653995336,-0.0002643816879272461
0.40867936747021816,-0.00026414549560546875
0.40913664394169635,-0.00026407801208496096
0.4095924588119841,-0.00026379308166503906
0.4100507096842559,-0.00026387931060791017
0.4105060373541468,-0.00026351564941406254
0.4109638010260218,-0.0002635119003295898
0.4114196158963095,-0.00026321572265625
0.41187859756917655,-0.00026341067504882814
0.4123339252390675,-0.0002629495376586914
0.4127924197115377,-0.0002631032501220703
0.4132475037812302,-0.0002627133453369141
0.413705754653502,-0.00026281082153320316
0.41416205672418654,-0.0002625933746337891
0.41462055119665675,-0.0002627208435058594
0.41507660966714294,-0.0002624771530151367
0.41553486053941474,-0.00026257088012695314
0.4159909190099009,-0.0002623234405517578
0.41644819548137907,-0.00026225220794677735
0.4169044975520636,-0.00026203851013183594
0.41736177402354174,-0.0002620085174560547
0.41781880689482154,-0.000261907292175293
0.4182755961659029,-0.00026176107788085937
0.41873214183678586,-0.0002615848709106445
0.41918966190846246,-0.0002615548782348633
0.419647181980139,-0.0002615398818969727
0.42010324045062514,-0.00026127744598388673
0.42056100412250014,-0.0002612811950683594
0.42101608819219266,-0.00026087254486083987
0.4214750698650597,-0.00026107124633789066
0.421930641135149,-0.00026073757781982425
0.42238962280801606,-0.0002609550247192383
0.42284421967731173,-0.0002604901382446289
0.423302714149782,-0.00026059886169433596
0.42375755461927606,-0.0002601714660644531
0.4242165362921431,-0.0002603626693725586
0.4246713767616372,-0.0002599390228271484
0.42513035843450425,-0.0002601302261352539
0.4255856861043951,-0.00025975906677246096
0.4260446677772622,-0.0002599540191650391
0.42649950824675625,-0.0002595116271972656
0.4269575155188297,-0.0002595903579711914
0.42741454839010945,-0.00025949288177490234
0.42787206846178605,-0.00025945914001464845
0.42832934493326424,-0.0002593916564941406
0.4287854034037504,-0.00025912547149658204
0.4292426798752285,-0.0002590617370605469
0.42969873834571465,-0.0002588292938232422
0.43015577121699444,-0.00025871307220458984
0.43061158608728217,-0.00025841689453125
0.43106910615895877,-0.0002583906509399414
0.43152370302825444,-0.00025790326995849607
0.4319829283013199,-0.00025806073150634763
0.43243776877081397,-0.00025764458312988283
0.43289699404387944,-0.0002578957717895508
0.4333511037127783,-0.000257348405456543
0.43381057258604216,-0.0002576295867919922
0.43426541305553623,-0.00025720219116210936
0.4347246383286017,-0.00025744588165283204
0.435180209598691,-0.0002571159622192383
0.43563919127155804,-0.0002573109146118164
0.43609403174105216,-0.00025687976989746095
0.43655276981372076,-0.0002570372314453125
0.4370076102832149,-0.00025663607940673827
0.4374658611554867,-0.00025672605743408205
0.4379221632261712,-0.00025650111236572265
0.438379196097451,-0.0002564036361694336
0.43883574176833395,-0.0002562161819458008
0.4392922874392169,-0.00025604747314453123
0.4397498075108935,-0.00025601748046875
0.440206109581578,-0.00025579628448486327
0.4406641168536514,-0.0002558375244140625
0.44112017532413755,-0.0002555900848388672
0.4415784261964094,-0.00025562757568359376
0.4420330230657051,-0.00025519268188476567
0.4424917611383737,-0.0002553501434326172
0.44294587080727255,-0.00025480277709960937
0.4434058268809333,-0.00025515894012451167
0.44386091095062574,-0.00025475778808593753
0.4443198926234928,-0.00025497523498535155
0.44477400229239167,-0.0002544278686523438
0.44523322756545713,-0.00025465281372070314
0.4456878244347528,-0.00025418042907714844
0.4461468061076198,-0.0002543716323852539
0.44660213377751073,-0.0002540454620361328
0.44706062824998094,-0.00025416168365478516
0.44751619952007027,-0.00025383551330566403
0.44797396319194527,-0.00025384676055908203
0.4484300216624314,-0.00025359932098388674
0.448887541734108,-0.00025356932830810546
0.44934360020459413,-0.0002533181396484375
0.4498003894756755,-0.0002531756744384766
0.45025742234695526,-0.00025306320190429687
0.4507137244176398,-0.00025285325317382813
0.4511717316897132,-0.00025289824218749997
0.4516270593596041,-0.0002524521011352539
0.4520862846326696,-0.00025270703887939457
0.45254039430156845,-0.00025217466888427737
0.45299937597443546,-0.00025238836669921877
0.4534534856433343,-0.0002518372512817383
0.4539129545165982,-0.0002521296798706055
0.45436730778569545,-0.0002516198043823242
0.4548265330587609,-0.00025185599670410157
0.4552811299280566,-0.00025137986297607426
0.4557408424015189,-0.00025169478607177734
0.4561954392708146,-0.00025125614318847653
0.45665466454388004,-0.0002514960845947266
0.45710853061258044,-0.00025090372924804684
0.4575670250850507,-0.00025102744903564457
0.45802332715573524,-0.00025081000213623045
0.4584801164268166,-0.0002506787841796875
0.4589359312971043,-0.00025039760284423826
0.4593934513687809,-0.00025036386108398436
0.4598502406398623,-0.00025022889404296874
0.46030702991094363,-0.00025008642883300784
0.46076503718301703,-0.0002501314178466797
0.46122036485290796,-0.00024978275299072266
0.46167861572517976,-0.00024987648010253905
0.46213345619467383,-0.0002494565826416016
0.4625926814677393,-0.0002496852767944336
0.46304654753643976,-0.0002491079177856445
0.463506260009902,-0.000249419091796875
0.4639596388782057,-0.0002487667510986328
0.4644188641512711,-0.0002489991943359375
0.46487273021997155,-0.00024841433715820313
0.4653324426934338,-0.00024871801300048826
0.4657867959625311,-0.0002482043884277344
0.46624650843599336,-0.0002485605514526367
0.4667013489054875,-0.0002481219085693359
0.46716081777875135,-0.00024838434448242185
0.467615414648047,-0.0002479269561767578
0.4680739091205172,-0.0002480394287109375
0.4685285059898129,-0.00024757454223632813
0.4689862696616879,-0.00024757079315185546
0.4694428153325709,-0.0002473945861816406
0.46990009180404907,-0.00024733460083007817
0.4703561502745352,-0.0002470759140014648
0.47081318314581494,-0.00024689595794677736
0.47127045961729314,-0.00024685846710205075
0.47172603088738246,-0.0002465547912597656
0.47218452535985267,-0.0002466860092163086
0.47263936582934674,-0.0002462548645019531
0.4730976167016186,-0.00024635234069824216
0.4735517263705174,-0.000245819970703125
0.47401022084298766,-0.00024595118865966797
0.4744638433114897,-0.00024532884063720704
0.474924773785944,-0.00024583121795654296
0.47537839625444606,-0.00024520886993408203
0.4758381087279083,-0.00024555753479003906
0.4762919747966088,-0.000244968928527832
0.47675144366987265,-0.0002452426116943359
0.4772053097385731,-0.00024465775451660155
0.4776652658122338,-0.0002449989212036133
0.47811961908133105,-0.000244511540222168
0.4785786007541981,-0.00024470274353027345
0.4790331976234938,-0.0002442341079711914
0.479491692095964,-0.00024434658050537114
0.4799475069662517,-0.00024407664642333985
0.4804045398375315,-0.00024396792297363282
0.48086132910861284,-0.00024380296325683592
0.48131811837969424,-0.00024369049072265627
0.4817753948511724,-0.00024362300720214846
0.4822307225210633,-0.00024328184051513672
0.4826887297931367,-0.00024333057861328125
0.4831435702626308,-0.00024291817932128905
0.48360279553569624,-0.00024315062255859376
0.4840564180041983,-0.00024254327087402342
0.48451564327726376,-0.00024276446685791018
0.48496950934596417,-0.00024218710784912106
0.4854292218194265,-0.00024253202362060547
0.4858830878881269,-0.00024195841369628908
0.48634231316119236,-0.0002421871078491211
0.4867959356296944,-0.00024156850891113283
0.4872556481031567,-0.00024187593383789063
0.48770951417185715,-0.00024129107666015625
0.4881692266453194,-0.00024161724700927736
0.4886228491138214,-0.00024099489898681643
0.4890820743868869,-0.0002412273422241211
0.4895376456569762,-0.00024091241912841798
0.4899961401294464,-0.00024102489166259765
0.49045146779933735,-0.00024059749603271485
0.49090898787101395,-0.00024058249969482424
0.4913648027413017,-0.0002403200637817383
0.4918218356125814,-0.00024023758392333988
0.4922786248836628,-0.00024012136230468749
0.49273517055454574,-0.00023995265350341797
0.49319293422642074,-0.0002399788970947266
0.4936477746959148,-0.00023954400329589845
0.4941065127685835,-0.00023972770843505857
0.49456086603768074,-0.00023921033477783204
0.49501887330975414,-0.00023926657104492188
0.4954727393784546,-0.0002387267028808594
0.49593342625271053,-0.0002391878402709961
0.49638704872121253,-0.00023856924133300783
0.4968470047948732,-0.0002389216552734375
0.49730087086357366,-0.00023834429626464845
0.4977596089362423,-0.00023850550689697266
0.4982139622053396,-0.0002380031295776367
0.49867367467880186,-0.0002383143035888672
0.4991282715480975,-0.00023784191894531253
0.4995877404213614,-0.00023812684936523436
0.5000420936904587,-0.0002376282211303711
0.5005005881629289,-0.0002377744354248047
0.5009559158328198,-0.00023742577056884765
0.5014136795046948,-0.00023744451599121093
0.5018692507747841,-0.00023712209472656252
0.5023262836460639,-0.00023702461853027345
0.5027825857167484,-0.00023683341522216797
0.5032386441872345,-0.00023659347381591798
0.5036959206587127,-0.00023651849212646487
0.504151491928802,-0.00023621106719970704
0.5046087684002802,-0.00023614358367919923
0.5050640960701711,-0.00023583240966796877
0.5055221033422446,-0.0002358886459350586
0.5059771874119371,-0.00023548749389648436
0.506436169084804,-0.0002356899444580078
0.5068905223539013,-0.0002351875671386719
0.5073499912271652,-0.0002354687484741211
0.5078041008960641,-0.00023491763305664065
0.5082633261691295,-0.00023516507263183595
0.5087179230384252,-0.00023469643707275392
0.5091771483114906,-0.00023493262939453124
0.5096312579803896,-0.00023438526306152345
0.5100899960530582,-0.00023447899017333982
0.5105448365225522,-0.0002340703399658203
0.5110035745952208,-0.00023424279785156253
0.5114589022651118,-0.00023390538024902345
0.5119164223367884,-0.00023388663482666017
0.5123715064064809,-0.0002335154754638672
0.5128295136785542,-0.00023357171173095704
0.5132865465498341,-0.00023348548278808592
0.5137426050203202,-0.00023324179229736327
0.5141993942914015,-0.00023311807250976565
0.5146552091616893,-0.00023287438201904297
0.5151127292333658,-0.00023285938568115235
0.5155680569032568,-0.00023249947357177733
0.5160263077755286,-0.00023259320068359375
0.5164811482450227,-0.00023216205596923828
0.5169396427174929,-0.0002322895248413086
0.5173939959865902,-0.00023179464569091798
0.5178529776594573,-0.00023200084533691408
0.5183073309285545,-0.00023149096984863282
0.5187665562016199,-0.00023173840942382812
0.5192218838715108,-0.00023137849731445312
0.5196806219441795,-0.00023151721343994143
0.5201349752132768,-0.00023102608337402346
0.5205932260855486,-0.00023113480682373047
0.5210480665550427,-0.00023070741119384766
0.5215070482279097,-0.0002309248580932617
0.5219616450972053,-0.00023045247344970703
0.5224196523692788,-0.00023052745513916015
0.5228754672395665,-0.00023023502655029296
0.5233320129104495,-0.00023008131408691406
0.5237880713809356,-0.0002298301254272461
0.5242443734516201,-0.00022962767486572265
0.5247014063228999,-0.0002295714385986328
0.525157464793386,-0.0002293314971923828
0.5256144976646658,-0.0002292302719116211
0.526070556135152,-0.00022897908325195313
0.5265280762068285,-0.00022896033782958985
0.5269834038767194,-0.00022861917114257814
0.5274414111487928,-0.00022867165832519534
0.5278964952184854,-0.00022826675720214842
0.5283547460907572,-0.00022835673522949218
0.5288095865602512,-0.00022792184143066407
0.5292683246329198,-0.00022800807037353515
0.5297221907016203,-0.00022745320587158204
0.5301809287742889,-0.00022762566375732424
0.5306357692437831,-0.00022720951538085935
0.53109475091665,-0.00022741571502685548
0.5315493477859458,-0.00022695082855224611
0.532007842258416,-0.00022710829010009765
0.5324626827279101,-0.00022668089447021485
0.5329211772003803,-0.00022679336700439452
0.5333762612700728,-0.0002264072113037109
0.5338337813417494,-0.000226384716796875
0.5342895962120371,-0.00022613727722167965
0.5347466290833169,-0.00022604729919433595
0.5352026875538031,-0.00022579611053466798
0.535659233224686,-0.00022562365264892578
0.5361155352953705,-0.00022540620574951174
0.5365713501656583,-0.00022513627166748047
0.537028383036938,-0.00022502754821777344
0.5374834671066305,-0.00022463014526367188
0.5379414743787039,-0.00022467138519287108
0.5383968020485949,-0.00022432272033691406
0.5388545657204699,-0.00022433396759033203
0.5393086753893687,-0.00022379035034179688
0.5397666826614421,-0.00022385783386230467
0.540222010331333,-0.0002234866744995117
0.5406802612036048,-0.00022359539794921873
0.5411348580729005,-0.00022311551513671873
0.5415928653449739,-0.0002231755004882813
0.5420484366150632,-0.0002228568283081055
0.5425062002869382,-0.0002228568283081055
0.5429615279568291,-0.00022250441436767577
0.5434190480285057,-0.00022247067260742188
0.5438743756983966,-0.0002221407531738281
0.5443316521698748,-0.00022207701873779297
0.5447874670401625,-0.00022177709197998048
0.5452442563112438,-0.0002216458740234375
0.5456995839811347,-0.00022126721649169922
0.5461563732522161,-0.00022113599853515627
0.5466126753229007,-0.00022092979888916015
0.5470692209937836,-0.00022074609375000002
0.5475262538650634,-0.00022063362121582035
0.5479818251351527,-0.0002202999526977539
0.5484388580064324,-0.00022019497833251952
0.5488941856763234,-0.00021974133911132813
0.5493521929483968,-0.0002198125717163086
0.549806546217494,-0.00021930269622802735
0.5502647970897658,-0.0002194001724243164
0.5507186631584663,-0.0002188115661621094
0.551177401231135,-0.00021898777313232422
0.5516315109000338,-0.00021844040679931643
0.5520900053725041,-0.00021854913024902344
0.5525443586416013,-0.00021803550567626954
0.5530021223134763,-0.00021804300384521485
0.553456719182772,-0.00021756312103271487
0.5539154572554407,-0.00021775807342529297
0.5543700541247363,-0.0002172744415283203
0.5548283049970081,-0.00021735317230224608
0.5552833890667006,-0.00021694077301025392
0.5557404219379803,-0.00021682830047607422
0.5561962368082681,-0.0002165433700561523
0.5566530260793495,-0.0002164009048461914
0.5571095717502325,-0.00021619845428466795
0.5575653866205201,-0.00021590227661132813
0.5580226630919983,-0.00021583479309082032
0.5584777471616909,-0.0002153811538696289
0.5589352672333674,-0.00021536990661621096
0.5593898641026631,-0.0002148937728881836
0.5598476277745381,-0.00021490502014160157
0.5603017374434369,-0.00021434265747070314
0.5607599883157087,-0.00021442888641357423
0.5612138543844092,-0.00021384028015136716
0.5616728360572762,-0.00021403523254394532
0.5621264585257782,-0.0002133903900146484
0.562585196598447,-0.0002135478515625
0.563038819066949,-0.00021291050720214844
0.5634975571396176,-0.00021309046325683595
0.5639516668085165,-0.0002125281005859375
0.5644099176807883,-0.00021259558410644533
0.5648642709498856,-0.00021207446136474613
0.5653220346217606,-0.0002120744613647461
0.5657771186914531,-0.00021166581115722655
0.5662343951629312,-0.0002115870803833008
0.566690210033219,-0.00021127965545654297
0.5671465121039034,-0.00021105096130371093
0.567602814174588,-0.00021082226715087891
0.5680586290448758,-0.0002105223403930664
0.5685156619161555,-0.00021031988983154297
0.5689707459858481,-0.00020992623596191405
0.5694282660575246,-0.00020989249420166016
0.5698826193266219,-0.00020939011688232424
0.5703408701988937,-0.0002094613494873047
0.5707944926673957,-0.0002088427505493164
0.5712532307400644,-0.00020898521575927735
0.5717066096083679,-0.0002083141296386719
0.5721653476810367,-0.00020845659484863282
0.5726184829491419,-0.00020776301422119139
0.5730777082222073,-0.00020801045379638673
0.5735315742909077,-0.0002074106002807617
0.5739903123635763,-0.00020755306549072265
0.5744439348320785,-0.00020690072479248047
0.5749021857043503,-0.00020698320465087892
0.575356782573646,-0.00020648082733154297
0.5758147898457193,-0.0002065295654296875
0.5762696303152134,-0.00020606842803955078
0.5767266631864932,-0.00020594845733642577
0.5771819908563841,-0.00020556979980468747
0.5776387801274655,-0.0002054160873413086
0.5780953257983484,-0.00020524362945556642
0.5785511406686361,-0.00020493995361328126
0.5790079299397175,-0.00020479373931884764
0.5794625268090131,-0.0002042838638305664
0.5799200468806898,-0.00020425387115478516
0.580374400149787,-0.00020372150115966793
0.5808326510220588,-0.0002038039810180664
0.5812862734905608,-0.00020315538940429687
0.5817452551634279,-0.00020333909454345705
0.5821979032311363,-0.0002025367904663086
0.5826568849040034,-0.0002027167465209961
0.5831095329717118,-0.00020197067871093754
0.5835690018449756,-0.00020222936553955078
0.5840218935128825,-0.0002014570541381836
0.5844816059863447,-0.00020175323181152342
0.5849344976542515,-0.00020099591674804687
0.5853934793271186,-0.00020119461822509766
0.5858471017956206,-0.00020054977569580079
0.5863051090676941,-0.0002005685211181641
0.5867594623367913,-0.00020003615112304686
0.5872164952080711,-0.0001999236785888672
0.5876715792777636,-0.0001994100540161133
0.5881278813484481,-0.0001992113525390625
0.5885841834191327,-0.0001989864074707031
0.589039754689222,-0.00019866773529052736
0.5894967875605017,-0.00019855151367187502
0.589951140829599,-0.00019803039093017576
0.5904091481016724,-0.00019808287811279296
0.5908630141703728,-0.00019748677368164062
0.5913212650426447,-0.00019755050811767576
0.5917746439109483,-0.00019687567291259766
0.5922336255838153,-0.00019706687622070312
0.5926865172517222,-0.00019636204833984374
0.593145986124986,-0.00019660948791503906
0.593598390592496,-0.00019578843841552734
0.5940583466661566,-0.00019612210693359375
0.5945107511336667,-0.00019529730834960937
0.5949699764067321,-0.00019553350067138674
0.5954231116748373,-0.00019481742553710936
0.5958816061473076,-0.0001949261489868164
0.5963349850156112,-0.000194243815612793
0.5967939666884783,-0.00019444251708984376
0.5972473455567819,-0.000193763932800293
0.5977051092286569,-0.00019373019104003907
0.598159949698151,-0.00019330654449462893
0.5986164953690339,-0.00019311534118652345
0.5990720666391233,-0.000192792919921875
0.5995278815094109,-0.00019250049133300783
0.5999849143806907,-0.00019240676422119143
0.6004392676497879,-0.00019187814331054687
0.6008975185220599,-0.00019196437225341799
0.6013511409905619,-0.00019132327880859375
0.6018093918628337,-0.00019140200958251953
0.6022622835307405,-0.00019068968353271485
0.6027215088038059,-0.0001909258758544922
0.6031734260709191,-0.000190022346496582
0.6036336257447782,-0.00019040475311279297
0.6040850558114945,-0.00018942999114990235
0.6045447682849568,-0.0001897261688232422
0.60499668555207,-0.00018883388671875
0.6054563980255323,-0.0001891338134765625
0.6059088024930422,-0.0001883127639770508
0.6063682713663061,-0.0001885751998901367
0.606821163034213,-0.00018782913208007814
0.6072794139064848,-0.00018782538299560547
0.6077335235753836,-0.00018728176574707032
0.6081910436470602,-0.0001872555221557617
0.6086456405163558,-0.00018679438476562496
0.6091019425870404,-0.0001865619415283203
0.6095577574573281,-0.0001862807601928711
0.6100128415270206,-0.00018589460449218749
0.610469630798102,-0.0001857408920288086
0.6109237404670008,-0.00018518602752685547
0.6113815041388758,-0.00018518977661132813
0.611834639406981,-0.00018448494873046873
0.6122931338794513,-0.00018464241027832032
0.6127460255473581,-0.00018389634246826172
0.6132052508204235,-0.0001841212875366211
0.6136576552879336,-0.00018330398712158201
0.6141171241611975,-0.0001835626739501953
0.6145687978281121,-0.00018263290100097655
0.6150285103015745,-0.00018293657684326174
0.6154804275686876,-0.00018204054565429685
0.6159398964419515,-0.00018229923248291017
0.6163923009094615,-0.0001814744338989258
0.6168515261825269,-0.00018170687713623047
0.617303930650037,-0.00018090082397460936
0.6177624251225071,-0.00018102454376220703
0.6182160475910092,-0.00018039469757080077
0.6186733240624874,-0.00018033096313476563
0.6191276773315847,-0.00017980609130859376
0.619584466602666,-0.00017967112426757814
0.620039794272557,-0.0001792962158203125
0.6204953655426462,-0.0001789625473022461
0.6209516676133308,-0.00017874510040283203
0.621406020882428,-0.0001782239776611328
0.6218635409541046,-0.0001782314758300781
0.622317407022805,-0.00017762787322998048
0.6227756578950768,-0.00017769160766601563
0.6232285495629837,-0.00017694553985595705
0.6236872876356523,-0.00017708800506591798
0.6241394485029639,-0.00017624821014404298
0.6245986737760294,-0.0001764694061279297
0.6250498602425473,-0.0001754459060668945
0.6255095727160096,-0.00017575333099365236
0.6259614899831227,-0.00017485355072021486
0.6264207152561883,-0.00017508224487304685
0.6268733633238966,-0.0001742162063598633
0.6273321013965653,-0.00017437366790771486
0.6277845058640752,-0.00017355636749267578
0.6282427567363471,-0.00017364634552001953
0.6286958920044523,-0.00017293776855468752
0.6291534120761288,-0.00017291152496337893
0.6296075217450278,-0.00017236040954589845
0.6300640674159107,-0.00017216920623779297
0.6305189078854048,-0.00017171931610107422
0.6309747227556924,-0.0001714193893432617
0.6314307812261786,-0.00017120944061279296
0.6318851344952758,-0.00017066582336425782
0.632342410966754,-0.00017058709259033203
0.6327962770354545,-0.00016998723907470702
0.6332537971071311,-0.00016994974822998046
0.6337071759754347,-0.00016926741485595706
0.6341651832475081,-0.00016931615295410156
0.6346180749154149,-0.00016856258697509765
0.6350765693878851,-0.00016868255767822263
0.6355287302551967,-0.00016780152282714844
0.6359879555282621,-0.00016803021697998048
0.6364401163955737,-0.00016713793487548828
0.6368988544682425,-0.00016729539642333985
0.637351015335554,-0.0001664293579101562
0.6378095098080242,-0.0001665530776977539
0.6382616706753358,-0.00016568703918457033
0.6387199215476076,-0.00016577701721191406
0.6391733004159112,-0.00016509843292236327
0.6396305768873894,-0.00016502345123291015
0.6400841993558914,-0.00016437485961914064
0.6405409886269728,-0.00016423239440917968
0.6409953418960701,-0.00016368877716064454
0.6414511567663578,-0.00016343009033203124
0.6419067280364471,-0.00016307392730712889
0.6423618121061396,-0.00016266527709960936
0.6428176269764273,-0.00016235410308837892
0.643272223845723,-0.00016185922393798828
0.643729987517598,-0.00016187422027587892
0.6441831227857032,-0.0001611468978881836
0.6446406428573799,-0.00016109815979003906
0.6450935345252866,-0.00016033709564208982
0.6455517853975584,-0.00016040832824707033
0.6460044334652668,-0.00015954228973388672
0.6464621971371418,-0.00015954228973388672
0.6469150888050487,-0.00015880372009277345
0.6473730960771221,-0.00015885245819091795
0.6478257441448305,-0.00015805390319824218
0.6482835078167055,-0.00015805765228271482
0.6487366430848107,-0.00015734532623291016
0.6491944067566857,-0.00015735282440185546
0.6496475420247909,-0.0001566292510986328
0.6501045748960707,-0.00015650553131103516
0.6505581973645728,-0.00015586818695068362
0.6510147430354557,-0.00015571072540283205
0.651469096304553,-0.00015517460632324219
0.6519253983752374,-0.00015493841400146484
0.6523802388447315,-0.0001544772766113281
0.652834104913432,-0.00015386617584228513
0.6532855349801484,-0.00015289891204833985
0.6537469526549995,-0.00015343878021240235
0.6542030111254856,-0.00015317259521484375
0.6546573643945829,-0.00015264022521972658
0.6551131792648707,-0.00015234029846191406
0.6555675325339679,-0.00015179293212890625
0.6560235910044541,-0.00015155673980712887
0.6564779442735513,-0.0001510168716430664
0.6569347335446326,-0.0001508556610107422
0.6573877226526188,-0.00015011334228515625
0.6578389578391765,-0.00014910858764648438
0.6582946021893252,-0.0001487786682128906
0.6587532671819344,-0.00014890613708496092
0.6592059639696825,-0.00014811133117675782
0.6596647994824305,-0.00014827254180908205
0.6601187629912103,-0.000147672688293457
0.6605756984224107,-0.00014757896118164062
0.6610292965308929,-0.00014691537322998046
0.6614850870411608,-0.00014658920288085939
0.6619393185101589,-0.0001460380874633789
0.6623954500607044,-0.00014577190246582033
0.6628501930901192,-0.00014529576873779297
0.6633057156401688,-0.00014494335479736328
0.6637618715507343,-0.00014467716979980468
0.6642168338203276,-0.00014423477783203124
0.664672234570278,-0.0001438523712158203
0.6651265878393753,-0.00014332000122070312
0.6655819885893257,-0.00014288135833740234
0.6660365367385818,-0.00014238647918701173
0.6664923272488497,-0.0001420790542602539
0.6669465343578278,-0.00014152793884277345
0.6674025928283139,-0.00014125050659179688
0.6678563127368954,-0.0001406394058227539
0.6683127366076791,-0.00014042195892333982
0.6687665783163598,-0.00013980710906982423
0.6692231483472625,-0.00013961215667724608
0.669676551575586,-0.00013894107055664062
0.6701328780062904,-0.00013869738006591796
0.6705851119536614,-0.0001378800796508789
0.671041560184465,-0.00013765513458251954
0.6714961083337211,-0.00013714151000976561
0.6719527270846635,-0.0001369465576171875
0.672406739313483,-0.00013636170043945312
0.6728625785437906,-0.00013605802459716796
0.6733180036537608,-0.00013568311614990235
0.6737733069636319,-0.00013527821502685547
0.6742278794729077,-0.0001347870849609375
0.6746834751030168,-0.00013442342376708983
0.6751382181324316,-0.0001339135482788086
0.6755930586019258,-0.00013347490539550782
0.6760484349918563,-0.00013309249877929688
0.6765028613410131,-0.00013257887420654296
0.6769582377309437,-0.00013219646759033202
0.6774124935599616,-0.00013164535217285157
0.6778683327902691,-0.00013134542541503908
0.67832212577891,-0.00013071932830810548
0.6787784522096144,-0.00013048313598632813
0.679232001598057,-0.00012982329711914065
0.6796879139084241,-0.00012951962127685546
0.6801418286971642,-0.00012895725860595703
0.680598082047809,-0.0001286948226928711
0.6810519481165095,-0.00012807997283935548
0.6815077386267774,-0.00012776130065917968
0.6819618970157159,-0.0001271876907348633
0.6824179311261822,-0.00012692525482177735
0.6828719189949818,-0.00012631415405273437
0.6833277825853092,-0.0001260029800415039
0.683781892254208,-0.0001254218719482422
0.6842377071244958,-0.00012510694885253907
0.6846920360335732,-0.00012456333160400392
0.6851471444632856,-0.00012405345611572264
0.6856018387726606,-0.00012358107147216797
0.6860567523222142,-0.00012313493041992188
0.6865115927917083,-0.00012268129119873047
0.6869662140210239,-0.00012219391021728516
0.6874196416093671,-0.00012152657318115234
0.6878737756382858,-0.00012094546508789063
0.6883325624309942,-0.00012109167938232423
0.6887844553380875,-0.0001201769027709961
0.6892409279289109,-0.00011995945587158203
0.6896938439568375,-0.00011923963165283202
0.6901514127485538,-0.00011918714447021484
0.6906052544572344,-0.00011856104736328124
0.6910603872469666,-0.00011814114990234376
0.6915077004703298,-0.00011652154541015625
0.6919654397821849,-0.00011649530181884765
0.6924272959373933,-0.00011711764984130858
0.6928822825670065,-0.00011666401062011719
0.6933356370752902,-0.00011597417907714844
0.6937910865452803,-0.00011560676879882812
0.6942453180142784,-0.00011504065704345703
0.6947003533639312,-0.0001146170104980469
0.6951541219925522,-0.00011398341522216796
0.6956095227425027,-0.00011360475769042969
0.6960639490916595,-0.00011308738403320312
0.6965188870012329,-0.00011262999572753907
0.6969735082305485,-0.0001121463638305664
0.6974280076597648,-0.00011162899017333986
0.6978829212093184,-0.00011116035461425781
0.6983372501183958,-0.00011061673736572267
0.6987919931478105,-0.00011012935638427734
0.6992462733368482,-0.00010957824096679688
0.6997015522866995,-0.00010921832885742188
0.7001559542758364,-0.00010867471160888671
0.7006114768258861,-0.00010831479949951174
0.7010656839348642,-0.0001077411895751953
0.701520889804656,-0.00010732504119873048
0.7019750969136341,-0.00010677017669677735
0.7024305220236045,-0.00010639151916503906
0.7028847291325827,-0.00010581790924072266
0.7033400811624935,-0.0001054280044555664
0.7037941664713724,-0.00010484689636230469
0.7042494697812435,-0.00010437826080322266
0.7047038230503407,-0.00010384963989257812
0.7051589071200333,-0.00010342224426269532
0.7056133091091702,-0.00010289362335205078
0.7060681982987039,-0.00010245123138427735
0.7065227708079798,-0.00010194510498046876
0.7069778061576326,-0.00010152520751953125
0.7074324761069878,-0.00010102657928466797
0.7078871947763827,-0.00010053919830322265
0.7083420596058966,-0.0001000818099975586
0.7087964372350137,-9.95419418334961e-05
0.7092511315443888,-9.909205169677736e-05
0.7097058502137836,-9.859717254638672e-05
0.7101606176032182,-9.810979156494139e-05
0.7106152388325337,-9.76036651611328e-05
0.7110700305819881,-9.713502960205078e-05
0.7115245787312441,-9.66364013671875e-05
0.711979589720877,-9.61827621459961e-05
0.7124341622301529,-9.567288665771483e-05
0.7128891975798057,-9.523424377441406e-05
0.7133442572894784,-9.48105972290039e-05
0.7137990977589724,-9.433446350097657e-05
0.7142535241081293,-9.377959899902345e-05
0.7147083889376432,-9.332595977783203e-05
0.715162961446919,-9.281983337402343e-05
0.7156176801163139,-9.233995056152343e-05
0.716072350065669,-9.184882049560546e-05
0.7165271905351632,-9.139893035888671e-05
0.7169820066446374,-9.092654571533202e-05
0.7174367009540125,-9.043166656494141e-05
0.7178914196234073,-8.993303833007813e-05
0.7183458946926038,-8.942691192626952e-05
0.7188005402819392,-8.896577453613281e-05
0.7192554294714729,-8.849338989257812e-05
0.7197100019807487,-8.797976531982422e-05
0.7201647937302031,-8.750738067626953e-05
0.7206191469993004,-8.696001434326173e-05
0.721074206708973,-8.652886962890624e-05
0.7215286086981101,-8.600399780273438e-05
0.7219835709677034,-8.5539111328125e-05
0.7224381921970189,-8.503673400878906e-05
0.7228931301065923,-8.4579345703125e-05
0.7233480436561459,-8.41257064819336e-05
0.7238027866855606,-8.356334381103516e-05
0.7242572861147769,-8.305721740722655e-05
0.7247120778642313,-8.25998291015625e-05
0.7251666260134874,-8.210120086669922e-05
0.7256214664829814,-8.163631439208984e-05
0.7260760389922573,-8.114518432617188e-05
0.7265310256218703,-8.069154510498047e-05
0.7269857199312454,-8.020791320800782e-05
0.7274407309208784,-7.977301940917969e-05
0.7278952303500947,-7.92593948364258e-05
0.7283499490194896,-7.877201385498046e-05
0.728804886929063,-7.835586547851563e-05
0.7292596055984579,-7.78684844970703e-05
0.7297142511877933,-7.736610717773438e-05
0.7301691160173072,-7.689747161865234e-05
0.7306238346867021,-7.640634155273438e-05
0.731078553356097,-7.593770599365235e-05
0.7315332963855117,-7.545407409667969e-05
0.7319880150549065,-7.495169677734376e-05
0.7324428798844205,-7.449430847167969e-05
0.7328979395940931,-7.404816741943359e-05
0.7333528531436467,-7.362077178955078e-05
0.7338072551327837,-7.30884017944336e-05
0.7342623392024762,-7.266100616455078e-05
0.734716765551633,-7.213238525390626e-05
0.7351717521812461,-7.168999328613281e-05
0.7356262516104624,-7.116512145996095e-05
0.7360813600401748,-7.075272216796875e-05
0.7365359325494506,-7.024659576416016e-05
0.7369910653391828,-6.980795288085939e-05
0.7374456865684983,-6.93093246459961e-05
0.7379004539579328,-6.882944183349609e-05
0.7383550264672086,-6.836455535888672e-05
0.738810134896921,-6.793341064453124e-05
0.7392648535663159,-6.744602966308593e-05
0.739719840195929,-6.698489227294922e-05
0.7401745832253437,-6.650875854492188e-05
0.7406295211349172,-6.607011566162109e-05
0.7410843616044113,-6.560148010253906e-05
0.741539250793945,-6.51365936279297e-05
0.741994115623459,-6.466795806884767e-05
0.7424487368527745,-6.416183166503905e-05
0.7429037234823876,-6.370819244384766e-05
0.743358515231842,-6.31645751953125e-05
0.7438135749415147,-6.2744677734375e-05
0.7442681718108103,-6.225354766845704e-05
0.7447234020406218,-6.185989379882813e-05
0.745177779669739,-6.132752380371094e-05
0.7456332291397291,-6.0978858947753904e-05
0.7460876798489057,-6.04389907836914e-05
0.746543104958876,-6.0071580505371096e-05
0.7469975800280725,-5.954670867919922e-05
0.7474527128178047,-5.9130560302734376e-05
0.7479072609670606,-5.866942291259766e-05
0.7483627591570904,-5.829076538085937e-05
0.7488172829463265,-5.777714080810546e-05
0.7492727567763365,-5.7390985107421876e-05
0.7497272562055528,-5.688110961914062e-05
0.7501826082354636,-5.6494953918457034e-05
0.7506374487049576,-5.604506378173828e-05
0.7510926302147295,-5.561391906738281e-05
0.7515474950442435,-5.5156530761718754e-05
0.7520024329538169,-5.469914245605468e-05
0.7524580285839261,-5.4357975769042967e-05
0.7529128690534201,-5.385559844970703e-05
0.7533680018431523,-5.345444641113281e-05
0.7538227692325868,-5.298581085205078e-05
0.754278048182438,-5.259215698242188e-05
0.7547327181317933,-5.2101026916503905e-05
0.7551882406818429,-5.175236206054687e-05
0.7556428375511386,-5.1253733825683594e-05
0.7560983113811486,-5.0886323547363286e-05
0.7565529569704839,-5.039144439697265e-05
0.757008406440474,-5.002403411865234e-05
0.7574630520298093,-4.9517907714843754e-05
0.7579186963799582,-4.922547912597656e-05
0.7583733663293134,-4.872685089111328e-05
0.7588288645193432,-4.835944061279297e-05
0.7592836319087778,-4.787955780029297e-05
0.7597393493389861,-4.753839111328125e-05
0.7601941410884405,-4.708100280761719e-05
0.7606497123585299,-4.67285888671875e-05
0.7611046502681033,-4.626370239257813e-05
0.7615600510180537,-4.58887939453125e-05
0.7620153299679049,-4.549139099121094e-05
0.7624706576377959,-4.5026504516601563e-05
0.7629257660675082,-4.461785430908204e-05
0.7633810206573396,-4.422794952392578e-05
0.7638362996071908,-4.3834295654296876e-05
0.764291432396923,-4.342939453125e-05
0.7647467844268336,-4.3050736999511715e-05
0.7652019659366055,-4.26495849609375e-05
0.7656575372066948,-4.2304669189453125e-05
0.7661125725563477,-4.187727355957031e-05
0.7665681681864568,-4.1528608703613284e-05
0.7670229842959311,-4.1052474975585934e-05
0.767478774806199,-4.0782540893554694e-05
0.7679338345158716,-4.034014892578125e-05
0.7683896006661196,-4.001772766113281e-05
0.7688445872957328,-3.9579084777832034e-05
0.7693003778060007,-3.9249165344238284e-05
0.769755486235713,-3.8848013305664064e-05
0.7702112280259412,-3.8510595703125e-05
0.7706664338957329,-3.8098196411132814e-05
0.7711221269659214,-3.7764527893066404e-05
0.7715777469560504,-3.7430859375e-05
0.7720334643862587,-3.709344177246094e-05
0.7724887676961298,-3.672228240966797e-05
0.7729442658861596,-3.636611938476562e-05
0.7733996179160704,-3.597621459960937e-05
0.7738551891861597,-3.563504791259766e-05
0.7743106873761895,-3.526388854980469e-05
0.7747662586462788,-3.493396911621093e-05
0.7752217982483423,-3.4572932281494144e-05
0.7756773061823801,-3.4210770721435545e-05
0.7761330211765864,-3.387297821044922e-05
0.776588236790386,-3.347707489013672e-05
0.7770439980686301,-3.320264190673828e-05
0.7774994134345924,-3.2799990234375e-05
0.7779552283048802,-3.248881622314454e-05
0.7784109262470726,-3.214839935302734e-05
0.778866641241279,-3.18293522644043e-05
0.7793223343114676,-3.149568374633789e-05
0.779778188157787,-3.1198006439208984e-05
0.7802337058358326,-3.082609725952149e-05
0.7806895645541562,-3.0525420684814454e-05
0.7811452308283228,-3.018387908935547e-05
0.7816009847985609,-2.9859583282470703e-05
0.7820565536326483,-2.9439310913085937e-05
0.7825124951750392,-2.916262847900391e-05
0.7829682247852574,-2.8853329010009764e-05
0.7834241346596226,-2.8564274597167968e-05
0.7838798642698408,-2.8239978790283204e-05
0.7843357254241662,-2.795842254638672e-05
0.7847915622184718,-2.7646873626708985e-05
0.7852475549169043,-2.735931884765625e-05
0.7857034282512397,-2.706089172363281e-05
0.7861591237574302,-2.673134719848633e-05
0.7866150774798311,-2.644529205322266e-05
0.7870710019702081,-2.619222885131836e-05
0.7875270068486505,-2.589530136108398e-05
0.7879829313390275,-2.5593500061035156e-05
0.788438938653472,-2.5311943817138676e-05
0.788894868015853,-2.5014641418457032e-05
0.7893509605903669,-2.4757454223632814e-05
0.789806877772738,-2.4454528198242184e-05
0.7902630677873312,-2.418984283447266e-05
0.7907191043337994,-2.392028366088867e-05
0.7911755939766368,-2.3701712036132816e-05
0.7916315160310118,-2.338453948974609e-05
0.7920876841215873,-2.3142723541259766e-05
0.7925437182320535,-2.286904037475586e-05
0.792999718238492,-2.2593857574462888e-05
0.7934558424810317,-2.2330296936035155e-05
0.7939119041183205,-2.2064599319458008e-05
0.7943680836581052,-2.1824545440673828e-05
0.7948244588088493,-2.1588353118896483e-05
0.7952806049754069,-2.13319157409668e-05
0.7957366390858731,-2.1054483489990237e-05
0.7961926269123017,-2.076617889404297e-05
0.7966490069350498,-2.059072174072266e-05
0.7971054137538196,-2.0359403228759762e-05
0.7975616451804466,-2.0097342224121092e-05
0.7980179521231351,-1.986189971923828e-05
0.7984741713697522,-1.961670959472656e-05
0.7989303175363098,-1.9367770385742185e-05
0.799386833975169,-1.9157071838378907e-05
0.799843050785784,-1.890400863647461e-05
0.8002983248636313,-1.850960494995117e-05
0.8007550313106452,-1.8331898345947267e-05
0.8012117986577086,-1.8163564453125e-05
0.8016684149726492,-1.7893255462646483e-05
0.8021244490831154,-1.7638317718505862e-05
0.8025808339778675,-1.742986862182617e-05
0.8030376549169747,-1.728102996826172e-05
0.8034940860957643,-1.7075955047607423e-05
0.8039510629389984,-1.6962357788085937e-05
0.8044083832585124,-1.6882877197265623e-05
0.8048646609691771,-1.6642935791015628e-05
0.805320587895556,-1.6360254821777346e-05
0.8057771725424707,-1.6163802795410156e-05
0.8062332821689986,-1.5950479888916014e-05
0.8066883418786712,-1.5504338836669923e-05
0.8071451969218061,-1.5345752563476562e-05
0.8076040908986017,-1.5508462829589847e-05
0.8080603198892268,-1.5268521423339842e-05
0.8085156475591176,-1.4878616638183592e-05
0.8089734209750006,-1.4883865356445314e-05
0.8094298716418061,-1.4659295196533203e-05
0.8098866024488399,-1.4496584930419918e-05
0.8103429581115681,-1.4261142425537108e-05
0.8108002394550503,-1.4175663299560548e-05
0.8112564879336912,-1.3946219329833983e-05
0.8117110994189988,-1.3461087799072265e-05
0.812167126221459,-1.3186279907226563e-05
0.8126285463323122,-1.374151931762695e-05
0.8130842540185126,-1.3406351165771483e-05
0.8135410067495642,-1.3254513244628906e-05
0.8139973551042865,-1.3014196929931642e-05
0.8144541857874016,-1.2870606994628907e-05
0.814909433069227,-1.2472079315185549e-05
0.8153672527691476,-1.246570587158203e-05
0.8158237911320246,-1.2265879669189452e-05
0.8162809141353778,-1.2189773254394532e-05
0.8167374744222726,-1.19970703125e-05
0.8171943172853977,-1.1844107666015625e-05
0.8176511430965088,-1.167727340698242e-05
0.8181080614756953,-1.1539682006835938e-05
0.8185648848508045,-1.1387469177246094e-05
0.8190216643778778,-1.1224758911132816e-05
0.8194786266051001,-1.1075170440673827e-05
0.8199353890801596,-1.0921083068847658e-05
0.8203924219514395,-1.0789865112304687e-05
0.8208490163423621,-1.0534927368164067e-05
0.8213034426915188,-1.0032550048828125e-05
0.8217593062818462,-9.73637237548828e-06
0.8222220881178085,-1.0512432861328124e-05
0.8226730553441478,-9.458940124511718e-06
0.8231311113362609,-9.50767822265625e-06
0.8235942829325407,-1.0343724060058593e-05
0.8240505606432054,-1.010753173828125e-05
0.8245051331524812,-9.608903503417968e-06
0.8249636519849712,-9.713877868652346e-06
0.8254198322555566,-9.45894012451172e-06
0.8258769625669157,-9.391456604003905e-06
0.8263338979981161,-9.245242309570314e-06
0.8267908821493563,-9.114024353027344e-06
0.8272477932205368,-8.967810058593748e-06
0.8277041196512411,-8.735366821289063e-06
0.8281617858830368,-8.735366821289063e-06
0.8286189405544158,-8.604148864746091e-06
0.8290760952257947,-8.514170837402345e-06
0.8295329819369555,-8.364207458496095e-06
0.82999081868889,-8.371705627441408e-06
0.8304476079599713,-8.202996826171874e-06
0.8309048600714297,-8.098022460937501e-06
0.8313616737025309,-7.955557250976563e-06
0.8318190476140884,-7.888073730468746e-06
0.8322758612451896,-7.741859436035154e-06
0.832733259516767,-7.674375915527344e-06
0.8331900244278285,-7.5319107055664025e-06
0.8336476175795646,-7.490670776367188e-06
0.8341046504508445,-7.3781982421875e-06
0.8345621461625012,-7.325711059570311e-06
0.8350187892734635,-7.149504089355468e-06
0.8354763824251996,-7.145755004882812e-06
0.835933464016519,-7.0295333862304675e-06
0.8363909840881957,-6.973297119140627e-06
0.8368478707993564,-6.823333740234374e-06
0.8373053177909735,-6.7745956420898435e-06
0.8377625211823921,-6.677119445800778e-06
0.8382199438139893,-6.628381347656251e-06
0.838677147205408,-6.530905151367189e-06
0.8391344967569457,-6.448425292968748e-06
0.8395919437485627,-6.384690856933596e-06
0.8400488791797631,-6.260971069335939e-06
0.8405066184916183,-6.170993041992187e-06
0.840963675722918,-6.066018676757815e-06
0.8414212932346739,-6.04352416992188e-06
0.8418747939030767,-5.3986816406249985e-06
0.8423337512159239,-5.5786376953124996e-06
0.8427894930061521,-5.282460021972654e-06
0.8432507888809041,-5.811080932617188e-06
0.8437083820326402,-5.7810882568359395e-06
0.844165244383781,-5.6348739624023434e-06
0.8446186719721244,-4.956289672851564e-06
0.8450778485251501,-5.181234741210936e-06
0.8455401188006957,-5.901058959960937e-06
0.8459968837117573,-5.724851989746092e-06
0.8464521139415688,-5.334947204589842e-06
0.8469107058541184,-5.439921569824216e-06
0.8473678848855172,-5.342445373535155e-06
0.8478251857170153,-5.271212768554685e-06
0.8482823403883942,-5.1774856567382795e-06
0.8487397873800113,-5.106253051757813e-06
0.849197136931549,-5.03876953125e-06
0.8496537313224716,-4.8550643920898455e-06
0.8501122014349219,-4.960038757324217e-06
0.8505692099461819,-4.83631896972656e-06
0.8510270223380966,-4.843817138671873e-06
0.8514840308493565,-4.720097351074219e-06
0.8519416240010926,-4.682606506347654e-06
0.8523986568723724,-4.562635803222657e-06
0.852855714103672,-4.4726577758789045e-06
0.853311187933682,-4.101498413085936e-06
0.8537699016463308,-4.240214538574219e-06
0.854226252437055,-4.011520385742187e-06
0.8546876944719259,-4.57013397216797e-06
0.8551440939826899,-4.3939270019531285e-06
0.8556021743348229,-4.42391967773438e-06
0.8560578674050113,-4.09025115966797e-06
0.856516922157938,-4.277705383300781e-06
0.8569740281092773,-4.16148376464844e-06
0.8574316212610134,-4.153985595703127e-06
0.8578845860089797,-3.4004196166992177e-06
0.8583432266415689,-3.516641235351562e-06
0.85880159931394,-3.6066192626953142e-06
0.8592592411857157,-3.5803756713867154e-06
0.8597162496969757,-3.4529067993164085e-06
0.8601739890088308,-3.3816741943359353e-06
0.8606327514415193,-3.542884826660154e-06
0.861093925516172,-4.075254821777344e-06
0.8615512750677098,-4.011520385742191e-06
0.8620078938186523,-3.83156433105469e-06
0.8624610047267376,-3.130485534667971e-06
0.8629196453593269,-3.254205322265625e-06
0.8633780423917178,-3.3441833496093773e-06
0.8638385587458348,-3.7603317260742165e-06
0.864296127537551,-3.726589965820315e-06
0.8647528437285729,-3.602870178222661e-06
0.8652104856003486,-3.5653793334960963e-06
0.8656674697515888,-3.4416595458984357e-06
0.866125501383682,-3.467903137207031e-06
0.8665823880948428,-3.321688842773435e-06
0.8670402248467772,-3.332936096191408e-06
0.867497428238196,-3.246707153320312e-06
0.8679552162700908,-3.224212646484373e-06
0.8684128094218269,-3.2054672241210907e-06
0.8688703051334836,-3.1492309570312536e-06
0.8693280931653785,-3.1604782104492163e-06
0.869785613237055,-3.0929946899414064e-06
0.870243547429069,-3.1154891967773453e-06
0.8707009457006464,-3.0592529296875014e-06
0.8711585632124023,-3.029260253906253e-06
0.8716157666038209,-2.9505294799804667e-06
0.8720736033557555,-2.9730239868164056e-06
0.8725310990674122,-2.9167877197265618e-06
0.8729890332594261,-2.939282226562504e-06
0.8734462366508448,-2.845555114746092e-06
0.873903659282442,-2.781820678710935e-06
0.8743609844739598,-2.714337158203125e-06
0.8748190891861126,-2.8043151855468774e-06
0.8752767066978686,-2.759326171875003e-06
0.8757347626899816,-2.800566101074214e-06
0.8761919904414202,-2.7105880737304653e-06
0.8766499002734143,-2.721835327148438e-06
0.8771072985449916,-2.6655990600585943e-06
0.8775652327370055,-2.6843444824218733e-06
0.8780226310085829,-2.6131118774414035e-06
0.8784804190404777,-2.613111877441407e-06
0.8789377929520352,-2.5493774414062466e-06
0.8793955809839301,-2.4706466674804706e-06
0.8798535638959837,-2.5193847656250015e-06
0.8803111570477198,-2.4968902587890626e-06
0.8807687745594758,-2.4856430053710966e-06
0.8812262459111126,-2.4406539916992188e-06
0.8816839852229678,-2.4369049072265657e-06
0.8821414809346245,-2.4031631469726607e-06
0.8825994394866583,-2.4294067382812493e-06
0.8830567403181563,-2.3581741333007795e-06
0.8835144552699916,-2.3394287109375005e-06
0.8839715612213309,-2.230705261230469e-06
0.8844297877335829,-2.343177795410157e-06
0.8848873565252992,-2.294439697265626e-06
0.885345461237452,-2.339428710937504e-06
0.8858026646288706,-2.2419525146484387e-06
0.8862607693410234,-2.294439697265626e-06
0.8867178996523825,-2.204461669921874e-06
0.8871759556444956,-2.2269561767578127e-06
0.8876332077559539,-2.1444763183593735e-06
0.8880913611881464,-2.196963500976561e-06
0.8885493684602198,-2.230705261230469e-06
0.8890070346920155,-2.2157089233398433e-06
0.8894644816836325,-2.1819671630859383e-06
0.889922172275448,-2.1594726562499994e-06
0.890380082107442,-2.170719909667969e-06
0.8908376508991583,-2.1519744873046864e-06
0.8912954389310531,-2.15197448730469e-06
0.8917528128426107,-2.0957382202148425e-06
0.8922106983145849,-2.1032363891601555e-06
0.8926681940262416,-2.0582473754882777e-06
0.8931261282182555,-2.069494628906254e-06
0.8935832585296146,-1.9757675170898452e-06
0.8940413632417674,-2.058247375488281e-06
0.8944986397132456,-1.9720184326171887e-06
0.8949566713453389,-1.9982620239257807e-06
0.8954140452568964,-1.9270294189453143e-06
0.8958720038089302,-1.968269348144529e-06
0.8963294995205869,-1.908283996582032e-06
0.8967877747528785,-1.9907638549804678e-06
0.897245002504317,-1.900785827636719e-06
0.8977028879762913,-1.915782165527345e-06
0.8981606029281266,-1.900785827636719e-06
0.8986182691599222,-1.87829132080078e-06
0.8990758379516385,-1.7770660400390617e-06
0.8995335772634936,-1.7920623779296877e-06
0.8999910242551107,-1.7433242797851601e-06
0.9004490558872039,-1.7958114624023441e-06
0.9009067221189996,-1.7883132934570312e-06
0.9013645345109143,-1.8033096313476571e-06
0.9018223712628488,-1.8070587158203136e-06
0.9022798913345254,-1.7733169555664052e-06
0.9027377524464798,-1.784564208984378e-06
0.9031950289179579,-1.7095825195312484e-06
0.9036525733496543,-1.664593505859374e-06
0.9041101665013905,-1.6720916748046903e-06
0.9045681737734639,-1.7058334350585953e-06
0.9050235014433547,-1.3234268188476542e-06
0.9054823856761425,-1.4846374511718763e-06
0.9059426827900809,-1.8782913208007766e-06
0.9064004464619559,-1.8820404052734399e-06
0.9068569677728191,-1.6870880126953095e-06
0.9073154378852695,-1.7770660400390617e-06
0.9077728605168667,-1.7208297729492212e-06
0.908227359946083,-1.222201538085936e-06
0.9086855133782754,-1.2334487915039054e-06
0.9091435206503489,-1.300932312011722e-06
0.9096053524455373,-1.9195312500000013e-06
0.9100617519563012,-1.7170806884765614e-06
0.9105198323084341,-1.7695678710937521e-06
0.910977303660071,-1.7170806884765614e-06
0.911434921171827,-1.7095825195312484e-06
0.9118924168834838,-1.6683425903320305e-06
0.9123503267154778,-1.6870880126953163e-06
0.912807749347075,-1.6346008300781289e-06
0.9132653181387913,-1.5971099853515674e-06
0.9137227407703885,-1.5746154785156251e-06
0.9141808454825413,-1.6158554077148464e-06
0.9146381706740592,-1.5408737182617168e-06
0.9150963241062516,-1.6008590698242171e-06
0.9155510671356664,-1.128474426269534e-06
0.9160100975285731,-1.3384231567382802e-06
0.9164672278399322,-1.2259506225585958e-06
0.916928231394446,-1.7133316040039083e-06
0.917385386065825,-1.6158554077148397e-06
0.9178395200947437,-1.0647399902343738e-06
0.9182984774075909,-1.2371978759765619e-06
0.9187563141595254,-1.1772125244140615e-06
0.9192177074743567,-1.7583206176757827e-06
0.919671914583335,-1.2072052001953134e-06
0.9201299705754481,-1.2709396362304702e-06
0.9205895612488111,-1.5558700561523427e-06
0.9210487378018369,-1.7920623779296877e-06
0.9215058193931563,-1.6870880126953129e-06
0.9219629984245552,-1.5858627319335946e-06
0.922416961933335,-1.001005554199217e-06
0.9228757000060036,-1.1472198486328164e-06
0.9233372394809539,-1.7733169555664086e-06
0.9237946133925115,-1.6945861816406258e-06
0.9242515975437516,-1.5708663940429652e-06
0.9247094342956861,-1.5783645629882816e-06
0.9251665402470254,-1.4846374511718763e-06
0.925624523159079,-1.5108810424804683e-06
0.9260817265504976,-1.417153930664063e-06
0.9265397581825909,-1.4621429443359374e-06
0.9269971564541682,-1.40965576171875e-06
0.927455261166321,-1.4471466064453114e-06
0.9279130979182556,-1.4583938598632809e-06
0.9283687179083846,-1.3234268188476542e-06
0.9288268226205373,-1.3421722412109333e-06
0.929284172172075,-1.2371978759765619e-06
0.9297415217236128,-1.1547180175781226e-06
0.9301994071955869,-1.1509689331054695e-06
0.9306575606277794,-1.214703369140623e-06
0.9311191975428091,-1.8033096313476605e-06
0.9315762060540691,-1.672091674804687e-06
0.9320333363654282,-1.5708663940429686e-06
0.9324906128369064,-1.4846374511718763e-06
0.9329481329085829,-1.435899353027342e-06
0.9334059940205374,-1.4846374511718763e-06
0.9338632704920155,-1.3946594238281274e-06
0.9343212290440492,-1.4321502685546889e-06
0.9347786029556068,-1.3571685791015626e-06
0.935236488427581,-1.3721649169921851e-06
0.9356940328592774,-1.349670410156253e-06
0.936152015771331,-1.3759140014648416e-06
0.9366095358430075,-1.3346740722656237e-06
0.9370675674751008,-1.3684158325195253e-06
0.9375235285055076,-1.0909835815429658e-06
0.9379818524578389,-1.1247253417968741e-06
0.9384394699695949,-1.1059799194335917e-06
0.9388976234017873,-1.1847106933593813e-06
0.9393553139936028,-1.1772125244140615e-06
0.9398133456256961,-1.2222015380859393e-06
0.9402711092975711,-1.2259506225585958e-06
0.9407288729694461,-1.2446960449218714e-06
0.9411865635612615,-1.2259506225585958e-06
0.9416442541530771,-1.222201538085936e-06
0.9421018473048132,-1.1847106933593745e-06
0.9425594160965294,-1.1659652709960954e-06
0.9430173259285235,-1.222201538085936e-06
0.9434754062806564,-1.2709396362304668e-06
0.9439333161126504,-1.2821868896484363e-06
0.9443907631042675,-1.2334487915039054e-06
0.9448487216563012,-1.2634414672851573e-06
0.9453057788876008,-1.1622161865234356e-06
0.9457640784799123,-1.229699707031249e-06
0.946221744711708,-1.2184524536132828e-06
0.9466799225039203,-1.2821868896484397e-06
0.9471375887357159,-1.2709396362304702e-06
0.9475955960077893,-1.2971832275390656e-06
0.9480528237592278,-1.2034561157226535e-06
0.9485107823112615,-1.2484451293945313e-06
0.9489682780229183,-1.20720520019531e-06
0.9494261391348726,-1.2296997070312523e-06
0.9498836104865096,-1.1847106933593745e-06
0.9503412767183052,-1.188459777832031e-06
0.9507986506298628,-1.1322235107421905e-06
0.9512567309819957,-1.177212524414065e-06
0.9517146651740096,-1.2072052001953134e-06
0.9521718685654282,-1.1172271728515612e-06
0.9526297296773826,-1.1697143554687485e-06
0.9530880536297139,-1.2446960449218782e-06
0.9535457198615096,-1.2334487915039054e-06
0.9540032886532258,-1.1959579467773405e-06
0.9544609061649818,-1.177212524414065e-06
0.9549186454768369,-1.1734634399414084e-06
0.9553766771089302,-1.2296997070312523e-06
0.9558341241005472,-1.1734634399414084e-06
0.9562921070126008,-1.2109542846679665e-06
0.9567496270842775,-1.1622161865234423e-06
0.9572059778750016,-9.597656250000024e-07
0.9576633274265394,-8.247985839843791e-07
0.9581215052187516,-9.110275268554647e-07
0.9585815830925115,-1.2709396362304702e-06
0.9590391762442476,-1.2634414672851539e-06
0.9594967450359639,-1.2409469604492184e-06
0.9599544356277794,-1.2446960449218714e-06
0.9604118826193965,-1.2072052001953134e-06
0.960869719371331,-1.2147033691406264e-06
0.9613269714827893,-1.1359725952148436e-06
0.9617845646345254,-1.120976257324221e-06
0.9622424988265393,-1.1472198486328096e-06
0.9627002624984143,-1.1847106933593745e-06
0.9631579774502497,-1.1697143554687485e-06
0.9636138166805572,-8.810348510742196e-07
0.9640720431928091,-9.410202026367166e-07
0.9645296119845255,-9.222747802734341e-07
0.9649876436166187,-9.710128784179718e-07
0.9654486715311524,-1.4696411132812537e-06
0.9659058262025314,-1.379663085937498e-06
0.9663630539539699,-1.2971832275390622e-06
0.9668210125060036,-1.3271759033203107e-06
0.9672783376975215,-1.2859359741210962e-06
0.9677360282893369,-1.2821868896484363e-06
0.968193475280954,-1.2334487915039054e-06
0.9686507761124521,-1.1659652709960954e-06
0.9691082718241087,-1.1322235107421905e-06
0.9695662790961822,-1.169714355468752e-06
0.970023920967958,-1.1697143554687485e-06
0.9704819526000512,-1.2109542846679733e-06
0.9709395457517873,-1.180961608886718e-06
0.9713968953033251,-1.1209762573242176e-06
0.9718544153750016,-1.079736328125003e-06
0.9723122521269362,-1.1397216796875e-06
0.9727703081190493,-1.1847106933593779e-06
0.9732261717093766,-8.810348510742196e-07
0.9736849828621048,-1.0459945678710947e-06
0.9741413580128488,-8.247985839843757e-07
0.9746005832859144,-1.0759872436523432e-06
0.9750587367181068,-1.1322235107421837e-06
0.9755169632303587,-1.2034561157226535e-06
0.9759761885034243,-1.4321502685546889e-06
0.9764320277337318,-1.1434707641601565e-06
0.9768903273260433,-1.2184524536132828e-06
0.977348139717958,-1.1734634399414084e-06
0.9778053674693965,-1.1097290039062516e-06
0.9782631311412715,-1.1284744262695306e-06
0.97872035889271,-1.0572418212890608e-06
0.9791783418047636,-1.1059799194335917e-06
0.9796366413970751,-1.2109542846679699e-06
0.9800942345488112,-1.188459777832031e-06
0.9805518764205869,-1.1809616088867214e-06
0.9810094939323429,-1.1584671020507825e-06
0.9814668922039204,-1.1097290039062516e-06
0.9819246071557556,-1.1584671020507825e-06
0.9823823708276306,-1.1397216796875034e-06
0.9828400614194461,-1.1397216796875e-06
0.9832977763712815,-1.1359725952148402e-06
0.9837550284827398,-1.0572418212890608e-06
0.9842127434345751,-1.0497436523437478e-06
0.9846712135470255,-1.1734634399414016e-06
0.9851288554188012,-1.1547180175781226e-06
0.985586497290577,-1.1509689331054695e-06
0.9860442122424123,-1.1434707641601565e-06
0.9865018541141882,-1.1359725952148402e-06
0.9869598857462815,-1.1584671020507825e-06
0.9874177468582358,-1.1884597778320276e-06
0.9878753643699918,-1.1772125244140615e-06
0.9883330306017873,-1.1734634399414084e-06
0.9887905263134441,-1.1472198486328164e-06
0.9892481194651802,-1.1397216796875e-06
0.9897058831370552,-1.1509689331054627e-06
0.9901637198889898,-1.1697143554687485e-06
0.9906214348408251,-1.1622161865234356e-06
0.9910787843923627,-1.1097290039062516e-06
0.9915365480642377,-1.1134780883789047e-06
0.9919943117361127,-1.1622161865234356e-06
0.9924519779679084,-1.1434707641601565e-06
0.9929097416397834,-1.1509689331054695e-06
0.9933673835115592,-1.1322235107421905e-06
0.9938250497433548,-1.132223510742187e-06
0.9942829839353687,-1.1697143554687485e-06
0.9947406014471247,-1.1472198486328096e-06
0.9951984138390394,-1.154718017578126e-06
0.9956561044308548,-1.1584671020507825e-06
0.9961140629828886,-1.199707031249997e-06
0.9965717048546644,-1.113478088378908e-06
0.9970292492863608,-1.1022308349609386e-06
0.9974869885982159,-1.1247253417968741e-06
0.9979446548300116,-1.1359725952148436e-06
0.9984023210618073,-1.1359725952148436e-06
0.998859962933583,-1.1359725952148402e-06
0.9993178971255969,-1.177212524414065e-06
0.9997755633573926,-1.1659652709960954e-06
1.0002332052291683,-1.1697143554687553e-06
1.0006907983809095,-1.147219848632813e-06
1.0011483184525811,-1.1209762573242176e-06
1.001605984684382,-1.1584671020507825e-06
1.0020637727162716,-1.165965270996092e-06
1.0025215607481714,-1.1772125244140615e-06
1.002979226979962,-1.162216186523439e-06
1.003436868851743,-1.1547180175781226e-06
1.0038946812436524,-1.195957946777344e-06
1.004352371835473,-1.1772125244140615e-06
1.0048100867873033,-1.1847106933593745e-06
1.005267753019104,-1.173463439941405e-06
1.0057259064512913,-1.2446960449218748e-06
1.0061835483230723,-1.2371978759765619e-06
1.0066413119949422,-1.2596923828125008e-06
1.0070988564266437,-1.2521942138671844e-06
1.007556571378474,-1.248445129394528e-06
1.008014310690334,-1.2596923828124974e-06
1.0084718794820453,-1.2409469604492184e-06
1.0089295700738659,-1.2596923828125008e-06
1.0093871632255969,-1.2371978759765653e-06
1.0098448538174176,-1.2296997070312523e-06
1.010302544409228,-1.2409469604492184e-06
1.0107600157608698,-1.2034561157226535e-06
1.0112177307127002,-1.2484451293945313e-06
1.0116754700245605,-1.2521942138671912e-06
1.0121331362563508,-1.2446960449218748e-06
1.0125908268481716,-1.2371978759765619e-06
1.0130484199999026,-1.2259506225585958e-06
1.0135062080318025,-1.2296997070312523e-06
1.013963874263593,-1.2559432983398443e-06
1.0144216135754534,-1.2521942138671844e-06
1.0148793528873032,-1.2634414672851573e-06
1.0153369216790247,-1.2446960449218714e-06
1.015794466110716,-1.2222015380859393e-06
1.016252400302735,-1.2034561157226535e-06
1.0167100665345254,-1.2259506225585924e-06
1.0171678302064056,-1.2446960449218748e-06
1.017625496438196,-1.2521942138671878e-06
1.0180830652299175,-1.2596923828125008e-06
1.0185407558217279,-1.2709396362304635e-06
1.0189984464135484,-1.2784378051757832e-06
1.019456112645339,-1.2784378051757764e-06
1.019913900677239,-1.300932312011722e-06
1.0203712502287716,-1.2484451293945313e-06
1.0208289164605724,-1.2559432983398443e-06
1.021286704492462,-1.3121795654296916e-06
1.021744346364243,-1.3009323120117187e-06
1.0222020369560534,-1.3084304809570317e-06
1.0226597031878542,-1.2971832275390622e-06
1.0231172963395851,-1.2934341430664091e-06
1.0235750600114653,-1.3121795654296848e-06
1.0240327262432558,-1.315928649902348e-06
1.024490465555116,-1.3159286499023413e-06
1.024948058706847,-1.3121795654296882e-06
1.0254060903389453,-1.368415832519532e-06
1.0258638540108151,-1.364666748046879e-06
1.0263214471625564,-1.372164916992192e-06
1.0267790159542676,-1.3646667480468756e-06
1.0272366578260486,-1.372164916992192e-06
1.02769417789772,-1.353419494628906e-06
1.0281518441295208,-1.3646667480468722e-06
1.0286096565214302,-1.4059066772460935e-06
1.0290672983932112,-1.4059066772460969e-06
1.029524915904962,-1.394659423828124e-06
1.0299825334167232,-1.394659423828124e-06
1.030439980408335,-1.368415832519532e-06
1.030897622280116,-1.4059066772460969e-06
1.0313552397918668,-1.402157592773437e-06
1.0318129791037272,-1.4134048461914065e-06
1.0322705478954384,-1.4021575927734404e-06
1.032728214127239,-1.4059066772460935e-06
