Potential vs. RHE [V],Current [A]
0.06744384765625,-0.001373138427734375
0.067901611328125,-0.0013800048828125
0.068359375,-0.00137481689453125
0.068817138671875,-0.0013720703124999998
0.06927490234375,-0.00137054443359375
0.069732666015625,-0.0013777160644531249
0.0701904296875,-0.001366729736328125
0.070648193359375,-0.001377410888671875
0.07110595703125,-0.001373291015625
0.071563720703125,-0.0013772583007812499
0.072021484375,-0.001375274658203125
0.072479248046875,-0.0013772583007812499
0.07293701171875,-0.00137451171875
0.073394775390625,-0.0013763427734375
0.0738525390625,-0.001374053955078125
0.074310302734375,-0.0013751220703125
0.07476806640625,-0.001374664306640625
0.075225830078125,-0.001375732421875
0.07568359375,-0.001374969482421875
0.076141357421875,-0.00137542724609375
0.07659912109375,-0.001375274658203125
0.077056884765625,-0.0013751220703125
0.0775146484375,-0.001375732421875
0.077972412109375,-0.001375579833984375
0.07843017578125,-0.0013777160644531249
0.078887939453125,-0.0013775634765625
0.079345703125,-0.0013801574707031248
0.079803466796875,-0.001379852294921875
0.08026123046875,-0.001369476318359375
0.080718994140625,-0.0013772583007812499
0.0811767578125,-0.001368560791015625
0.081634521484375,-0.001364593505859375
0.08209228515625,-0.00137359619140625
0.082550048828125,-0.0013688659667968751
0.0830078125,-0.00136566162109375
0.083465576171875,-0.001361846923828125
0.08392333984375,-0.0013734436035156249
0.084381103515625,-0.00136322021484375
0.0848388671875,-0.00136383056640625
0.085296630859375,-0.001368560791015625
0.08575439453125,-0.0013714599609375
0.086212158203125,-0.0013706970214843752
0.086669921875,-0.0013691711425781248
0.087127685546875,-0.001371612548828125
0.08758544921875,-0.001371612548828125
0.088043212890625,-0.001360321044921875
0.0885009765625,-0.00136566162109375
0.088958740234375,-0.001367340087890625
0.08941650390625,-0.0013673400878906252
0.089874267578125,-0.001367645263671875
0.09033203125,-0.001367034912109375
0.090789794921875,-0.001369476318359375
0.09124755859375,-0.0013664245605468752
0.091705322265625,-0.0013691711425781248
0.0921630859375,-0.00136627197265625
0.092620849609375,-0.001369476318359375
0.09307861328125,-0.0013650512695312501
0.093536376953125,-0.0013696289062499999
0.093994140625,-0.0013671875
0.094451904296875,-0.0013697814941406252
0.09490966796875,-0.0013658142089843749
0.095367431640625,-0.001356048583984375
0.0958251953125,-0.001361541748046875
0.096282958984375,-0.00136260986328125
0.09674072265625,-0.001363677978515625
0.097198486328125,-0.001363372802734375
0.09765625,-0.0013641357421875
0.098114013671875,-0.0013629150390625
0.09857177734375,-0.001364288330078125
0.099029541015625,-0.001362457275390625
0.0994873046875,-0.001363067626953125
0.099945068359375,-0.0013624572753906249
0.10040283203125,-0.001365203857421875
0.100860595703125,-0.0013615417480468748
0.101318359375,-0.001364593505859375
0.101776123046875,-0.001360931396484375
0.10223388671875,-0.0013641357421875
0.102691650390625,-0.00135894775390625
0.1031494140625,-0.001363677978515625
0.103607177734375,-0.001360931396484375
0.10406494140625,-0.001363372802734375
0.104522705078125,-0.0013610839843749998
0.10498046875,-0.0013624572753906249
0.105438232421875,-0.00136077880859375
0.10589599609375,-0.00136016845703125
0.106353759765625,-0.001361083984375
0.1068115234375,-0.00136138916015625
0.107269287109375,-0.00136138916015625
0.10772705078125,-0.0013612365722656251
0.108184814453125,-0.0013619995117187499
0.108642578125,-0.00136077880859375
0.109100341796875,-0.0013619995117187499
0.10955810546875,-0.001354217529296875
0.110015869140625,-0.0013519287109375
0.1104736328125,-0.00134796142578125
0.110931396484375,-0.0013604736328125
0.11138916015625,-0.0013568115234375
0.111846923828125,-0.00135986328125
0.1123046875,-0.0013548278808593749
0.112762451171875,-0.00135955810546875
0.11322021484375,-0.00135650634765625
0.113677978515625,-0.0013592529296875
0.1141357421875,-0.001356964111328125
0.114593505859375,-0.00135955810546875
0.11505126953125,-0.00135772705078125
0.115509033203125,-0.001359100341796875
0.115966796875,-0.001360931396484375
0.116424560546875,-0.001352386474609375
0.11688232421875,-0.00135528564453125
0.117340087890625,-0.001355438232421875
0.1177978515625,-0.0013510131835937499
0.118255615234375,-0.001348114013671875
0.11871337890625,-0.001357574462890625
0.119171142578125,-0.00135650634765625
0.11962890625,-0.00136016845703125
0.120086669921875,-0.0013586425781249999
0.12054443359375,-0.001358489990234375
0.121002197265625,-0.0013470458984375
0.1214599609375,-0.001350860595703125
0.121917724609375,-0.001355743408203125
0.12237548828125,-0.0013491821289062498
0.122833251953125,-0.0013429260253906249
0.123291015625,-0.0013580322265625
0.123748779296875,-0.00135528564453125
0.12420654296875,-0.00135650634765625
0.124664306640625,-0.001344451904296875
0.1251220703125,-0.00135467529296875
0.125579833984375,-0.001353759765625
0.12603759765625,-0.00135589599609375
0.126495361328125,-0.0013497924804687501
0.126953125,-0.0013464355468750001
0.127410888671875,-0.001352386474609375
0.12786865234375,-0.001351470947265625
0.128326416015625,-0.001355743408203125
0.1287841796875,-0.0013554382324218752
0.129241943359375,-0.001343231201171875
0.12969970703125,-0.0013510131835937499
0.130157470703125,-0.0013468933105468752
0.130615234375,-0.00134124755859375
0.131072998046875,-0.0013453674316406248
0.13153076171875,-0.001346588134765625
0.131988525390625,-0.001340789794921875
0.1324462890625,-0.0013473510742187502
0.132904052734375,-0.001350860595703125
0.13336181640625,-0.00134735107421875
0.133819580078125,-0.00135040283203125
0.13427734375,-0.00134552001953125
0.134735107421875,-0.0013494873046875
0.13519287109375,-0.001347503662109375
0.135650634765625,-0.001349029541015625
0.1361083984375,-0.0013482666015625
0.136566162109375,-0.001349029541015625
0.13702392578125,-0.001349029541015625
0.137481689453125,-0.0013471984863281249
0.137939453125,-0.00135040283203125
0.138397216796875,-0.001348114013671875
0.13885498046875,-0.0013395690917968749
0.139312744140625,-0.0013470458984375
0.1397705078125,-0.0013392639160156252
0.140228271484375,-0.001333160400390625
0.14068603515625,-0.00134490966796875
0.141143798828125,-0.001343231201171875
0.1416015625,-0.0013470458984375
0.142059326171875,-0.0013429260253906249
0.14251708984375,-0.0013462829589843748
0.142974853515625,-0.0013426208496093751
0.1434326171875,-0.0013462829589843748
0.143890380859375,-0.001341705322265625
0.14434814453125,-0.001346588134765625
0.144805908203125,-0.001344757080078125
0.145263671875,-0.00134735107421875
0.145721435546875,-0.001346282958984375
0.14617919921875,-0.00133697509765625
0.146636962890625,-0.001334381103515625
0.1470947265625,-0.00134002685546875
0.147552490234375,-0.001336212158203125
0.14801025390625,-0.001342315673828125
0.148468017578125,-0.001343841552734375
0.14892578125,-0.0013427734375
0.149383544921875,-0.001344757080078125
0.14984130859375,-0.0013427734375
0.150299072265625,-0.001344451904296875
0.1507568359375,-0.00133514404296875
0.151214599609375,-0.001335601806640625
0.15167236328125,-0.001341705322265625
0.152130126953125,-0.001346435546875
0.152587890625,-0.001331024169921875
0.153045654296875,-0.0013352966308593749
0.15350341796875,-0.001339874267578125
0.153961181640625,-0.0013372802734375
0.1544189453125,-0.001331329345703125
0.154876708984375,-0.001334686279296875
0.15533447265625,-0.001334228515625
0.155792236328125,-0.0013392639160156252
0.15625,-0.001337890625
0.156707763671875,-0.0013372802734375
0.15716552734375,-0.00133819580078125
0.157623291015625,-0.00133819580078125
0.1580810546875,-0.0013388061523437501
0.158538818359375,-0.0013388061523437501
0.15899658203125,-0.0013409423828125
0.159454345703125,-0.00133941650390625
0.159912109375,-0.001340789794921875
0.160369873046875,-0.001328582763671875
0.16082763671875,-0.001329803466796875
0.161285400390625,-0.001328582763671875
0.1617431640625,-0.0013336181640625
0.162200927734375,-0.0013232421875
0.16265869140625,-0.001334991455078125
0.163116455078125,-0.0013319396972656249
0.16357421875,-0.0013352966308593749
0.164031982421875,-0.00133209228515625
0.16448974609375,-0.0013348388671874998
0.164947509765625,-0.001331787109375
0.1654052734375,-0.00133392333984375
0.165863037109375,-0.001330413818359375
0.16632080078125,-0.001333465576171875
0.166778564453125,-0.0013319396972656249
0.167236328125,-0.001332550048828125
0.167694091796875,-0.00133270263671875
0.16815185546875,-0.001332244873046875
0.168609619140625,-0.00133270263671875
0.1690673828125,-0.00132904052734375
0.169525146484375,-0.001332550048828125
0.16998291015625,-0.00133026123046875
0.170440673828125,-0.001332550048828125
0.1708984375,-0.00132965087890625
0.171356201171875,-0.001332244873046875
0.17181396484375,-0.001329498291015625
0.172271728515625,-0.0013305664062499998
0.1727294921875,-0.001329803466796875
0.173187255859375,-0.0013330078125
0.17364501953125,-0.0013307189941406251
0.174102783203125,-0.001332244873046875
0.174560546875,-0.0013200378417968749
0.175018310546875,-0.0013299560546875
0.17547607421875,-0.00132537841796875
0.175933837890625,-0.001329498291015625
0.1763916015625,-0.0013276672363281249
0.176849365234375,-0.00132904052734375
0.17730712890625,-0.001328277587890625
0.177764892578125,-0.00132843017578125
0.17822265625,-0.001328277587890625
0.178680419921875,-0.00132568359375
0.17913818359375,-0.001328887939453125
0.179595947265625,-0.001327972412109375
0.1800537109375,-0.00133026123046875
0.180511474609375,-0.001328582763671875
0.18096923828125,-0.001331329345703125
0.181427001953125,-0.0013177490234375
0.181884765625,-0.0013232421875
0.182342529296875,-0.001320343017578125
0.18280029296875,-0.001317596435546875
0.183258056640625,-0.0013243103027343749
0.1837158203125,-0.001327972412109375
0.184173583984375,-0.00132476806640625
0.18463134765625,-0.0013282775878906252
0.185089111328125,-0.0013238525390625
0.185546875,-0.00132965087890625
0.186004638671875,-0.0013278198242187502
0.18646240234375,-0.001322479248046875
0.186920166015625,-0.001327362060546875
0.1873779296875,-0.001318359375
0.187835693359375,-0.0013166809082031249
0.18829345703125,-0.00132080078125
0.188751220703125,-0.0013192749023437501
0.189208984375,-0.001314697265625
0.189666748046875,-0.0013165283203125
0.19012451171875,-0.001321258544921875
0.190582275390625,-0.00131805419921875
0.1910400390625,-0.00132293701171875
0.191497802734375,-0.00132415771484375
0.19195556640625,-0.0013243103027343749
0.192413330078125,-0.001315155029296875
0.19287109375,-0.00131195068359375
0.193328857421875,-0.001322174072265625
0.19378662109375,-0.0013090515136718749
0.194244384765625,-0.0013116455078125001
0.1947021484375,-0.0013154602050781251
0.195159912109375,-0.001318817138671875
0.19561767578125,-0.001315765380859375
0.196075439453125,-0.001318206787109375
0.196533203125,-0.0013159179687500001
0.196990966796875,-0.001318206787109375
0.19744873046875,-0.0013162231445312499
0.197906494140625,-0.0013154602050781251
0.1983642578125,-0.0013165283203125
0.198822021484375,-0.001316375732421875
0.19927978515625,-0.0013165283203125
0.199737548828125,-0.00131561279296875
0.2001953125,-0.0013168334960937502
0.200653076171875,-0.0013140869140625
0.20111083984375,-0.0013154602050781251
0.201568603515625,-0.001313934326171875
0.2020263671875,-0.001317138671875
0.202484130859375,-0.0013134765625
0.20294189453125,-0.001317291259765625
0.203399658203125,-0.001313934326171875
0.203857421875,-0.001316986083984375
0.204315185546875,-0.001313323974609375
0.20477294921875,-0.00130767822265625
0.205230712890625,-0.0013055419921875
0.2056884765625,-0.001310577392578125
0.206146240234375,-0.001304931640625
0.20660400390625,-0.001313629150390625
0.207061767578125,-0.00131011962890625
0.20751953125,-0.0013124084472656249
0.207977294921875,-0.00131103515625
0.20843505859375,-0.0013110351562499998
0.208892822265625,-0.001311187744140625
0.2093505859375,-0.0013104248046875
0.209808349609375,-0.001311187744140625
0.21026611328125,-0.0013076782226562498
0.210723876953125,-0.001310882568359375
0.211181640625,-0.001308746337890625
0.211639404296875,-0.0013110351562499998
0.21209716796875,-0.00130767822265625
0.212554931640625,-0.001310882568359375
0.2130126953125,-0.001307525634765625
0.213470458984375,-0.0013090515136718749
0.21392822265625,-0.0013067626953125
0.214385986328125,-0.001309967041015625
0.21484375,-0.00130645751953125
0.215301513671875,-0.00130950927734375
0.21575927734375,-0.00130645751953125
0.216217041015625,-0.0013087463378906252
0.2166748046875,-0.00130462646484375
0.217132568359375,-0.00130828857421875
0.21759033203125,-0.001306915283203125
0.218048095703125,-0.001308441162109375
0.218505859375,-0.0013082885742187501
0.218963623046875,-0.001300048828125
0.21942138671875,-0.001299896240234375
0.219879150390625,-0.0013047790527343749
0.2203369140625,-0.0013038635253906248
0.220794677734375,-0.00129608154296875
0.22125244140625,-0.0013043212890624998
0.221710205078125,-0.001304168701171875
0.22216796875,-0.001307220458984375
0.222625732421875,-0.0013044738769531251
0.22308349609375,-0.001306610107421875
0.223541259765625,-0.00129974365234375
0.2239990234375,-0.001298675537109375
0.224456787109375,-0.001295013427734375
0.22491455078125,-0.001305999755859375
0.225372314453125,-0.001293182373046875
0.225830078125,-0.00129547119140625
0.226287841796875,-0.00129852294921875
0.22674560546875,-0.001302490234375
0.227203369140625,-0.00129974365234375
0.2276611328125,-0.0013015747070312502
0.228118896484375,-0.00129974365234375
0.22857666015625,-0.0013009643554687499
0.229034423828125,-0.0012994384765625
0.2294921875,-0.001298370361328125
0.229949951171875,-0.0012995910644531248
0.23040771484375,-0.00129852294921875
0.230865478515625,-0.0013002014160156251
0.2313232421875,-0.001298828125
0.231781005859375,-0.0013014221191406249
0.23223876953125,-0.001298370361328125
0.232696533203125,-0.0013006591796875
0.233154296875,-0.001298828125
0.233612060546875,-0.0013037109375
0.23406982421875,-0.0012925720214843751
0.234527587890625,-0.001301727294921875
0.2349853515625,-0.00128814697265625
0.235443115234375,-0.0012925720214843751
0.23590087890625,-0.00129547119140625
0.236358642578125,-0.0012930297851562501
0.23681640625,-0.001285858154296875
0.237274169921875,-0.00129852294921875
0.23773193359375,-0.001296539306640625
0.238189697265625,-0.001299285888671875
0.2386474609375,-0.001298370361328125
0.239105224609375,-0.00129913330078125
0.23956298828125,-0.00129150390625
0.240020751953125,-0.001290283203125
0.240478515625,-0.00129150390625
0.240936279296875,-0.001293487548828125
0.24139404296875,-0.001289825439453125
0.241851806640625,-0.00128753662109375
0.2423095703125,-0.001297454833984375
0.242767333984375,-0.0012884521484375
0.24322509765625,-0.00128936767578125
0.243682861328125,-0.001287841796875
0.244140625,-0.001294097900390625
0.244598388671875,-0.0012934875488281252
0.24505615234375,-0.00128875732421875
0.245513916015625,-0.0012921142578125
0.2459716796875,-0.0012872314453125
0.246429443359375,-0.00128326416015625
0.24688720703125,-0.0012908935546875
0.247344970703125,-0.001287078857421875
0.247802734375,-0.001285552978515625
0.248260498046875,-0.0012814331054687498
0.24871826171875,-0.001291656494140625
0.249176025390625,-0.001281280517578125
0.2496337890625,-0.001279296875
0.250091552734375,-0.00128326416015625
0.25054931640625,-0.001279449462890625
0.251007080078125,-0.00128631591796875
0.25146484375,-0.00128326416015625
0.251922607421875,-0.001287078857421875
0.25238037109375,-0.0012841796875
0.252838134765625,-0.00128753662109375
0.2532958984375,-0.00128448486328125
0.253753662109375,-0.001280975341796875
0.25421142578125,-0.0012739562988281251
0.254669189453125,-0.001277618408203125
0.255126953125,-0.0012814331054687498
0.255584716796875,-0.0012858581542968752
0.25604248046875,-0.00128143310546875
0.256500244140625,-0.0012857055664062499
0.2569580078125,-0.0012818908691406249
0.257415771484375,-0.0012854003906250001
0.25787353515625,-0.001280517578125
0.258331298828125,-0.0012852478027343748
0.2587890625,-0.0012835693359375
0.259246826171875,-0.00128631591796875
0.25970458984375,-0.0012818908691406249
0.260162353515625,-0.00127532958984375
0.2606201171875,-0.001282958984375
0.261077880859375,-0.001281280517578125
0.26153564453125,-0.001284637451171875
0.261993408203125,-0.001284027099609375
0.262451171875,-0.00127593994140625
0.262908935546875,-0.001281280517578125
0.26336669921875,-0.0012771606445312498
0.263824462890625,-0.0012728881835937498
0.2642822265625,-0.001280059814453125
0.264739990234375,-0.001275787353515625
0.26519775390625,-0.0012744140625000002
0.265655517578125,-0.001269989013671875
0.26611328125,-0.001281280517578125
0.266571044921875,-0.0012652587890625
0.26702880859375,-0.0012701416015625
0.267486572265625,-0.00126800537109375
0.2679443359375,-0.0012705993652343752
0.268402099609375,-0.0012734985351562501
0.26885986328125,-0.0012753295898437502
0.269317626953125,-0.001273345947265625
0.269775390625,-0.0012744140625000002
0.270233154296875,-0.001273345947265625
0.27069091796875,-0.0012710571289062502
0.271148681640625,-0.001273651123046875
0.2716064453125,-0.00127166748046875
0.272064208984375,-0.001273040771484375
0.27252197265625,-0.0012704467773437499
0.272979736328125,-0.0012734985351562501
0.2734375,-0.00126983642578125
0.273895263671875,-0.001271209716796875
0.27435302734375,-0.00126922607421875
0.274810791015625,-0.001273345947265625
0.2752685546875,-0.001268310546875
0.275726318359375,-0.001273040771484375
0.27618408203125,-0.001268157958984375
0.276641845703125,-0.00127197265625
0.277099609375,-0.0012646484375
0.277557373046875,-0.001271209716796875
0.27801513671875,-0.001267242431640625
0.278472900390625,-0.00126983642578125
0.2789306640625,-0.0012667846679687502
0.279388427734375,-0.001268310546875
0.27984619140625,-0.0012664794921875
0.280303955078125,-0.00126556396484375
0.28076171875,-0.0012667846679687502
0.281219482421875,-0.001265411376953125
0.28167724609375,-0.0012664794921875
0.282135009765625,-0.001264190673828125
0.2825927734375,-0.0012670898437499999
0.283050537109375,-0.0012638854980468752
0.28350830078125,-0.0012670898437499999
0.283966064453125,-0.00126434326171875
0.284423828125,-0.001269073486328125
0.284881591796875,-0.00126495361328125
0.28533935546875,-0.001270751953125
0.285797119140625,-0.0012544250488281251
0.2862548828125,-0.00125885009765625
0.286712646484375,-0.0012628173828124999
0.28717041015625,-0.001268157958984375
0.287628173828125,-0.0012646484375
0.2880859375,-0.0012620544433593751
0.288543701171875,-0.001260223388671875
0.28900146484375,-0.001257171630859375
0.289459228515625,-0.001253662109375
0.2899169921875,-0.0012615966796875
0.290374755859375,-0.0012518310546874999
0.29083251953125,-0.001259765625
0.291290283203125,-0.001260223388671875
0.291748046875,-0.0012582397460937501
0.292205810546875,-0.00126007080078125
0.29266357421875,-0.0012556457519531249
0.293121337890625,-0.001260223388671875
0.2935791015625,-0.001256561279296875
0.294036865234375,-0.001260833740234375
0.29449462890625,-0.001256103515625
0.294952392578125,-0.001260528564453125
0.29541015625,-0.001256103515625
0.295867919921875,-0.0012591552734375002
0.29632568359375,-0.001256561279296875
0.296783447265625,-0.001251373291015625
0.2972412109375,-0.0012467956542968751
0.297698974609375,-0.001257781982421875
0.29815673828125,-0.001253814697265625
0.298614501953125,-0.00125640869140625
0.299072265625,-0.001252593994140625
0.299530029296875,-0.0012554931640625
0.29998779296875,-0.0012544250488281251
0.300445556640625,-0.0012544250488281251
0.3009033203125,-0.0012551879882812499
0.301361083984375,-0.001254730224609375
0.30181884765625,-0.00124969482421875
0.302276611328125,-0.001245880126953125
0.302734375,-0.0012518310546874999
0.303192138671875,-0.00125244140625
0.30364990234375,-0.00125640869140625
0.304107666015625,-0.0012530517578125
0.3045654296875,-0.0012481689453125002
0.305023193359375,-0.0012438964843750002
0.30548095703125,-0.001250152587890625
0.305938720703125,-0.001251678466796875
0.306396484375,-0.001244964599609375
0.306854248046875,-0.001241455078125
0.30731201171875,-0.00125244140625
0.307769775390625,-0.001237335205078125
0.3082275390625,-0.001249847412109375
0.308685302734375,-0.001244964599609375
0.30914306640625,-0.001248321533203125
0.309600830078125,-0.00124603271484375
0.31005859375,-0.00124664306640625
0.310516357421875,-0.00124603271484375
0.31097412109375,-0.0012457275390625
0.311431884765625,-0.001246337890625
0.3118896484375,-0.0012429809570312501
0.312347412109375,-0.00124664306640625
0.31280517578125,-0.001242523193359375
0.313262939453125,-0.001245574951171875
0.313720703125,-0.0012420654296875
0.314178466796875,-0.0012457275390625
0.31463623046875,-0.001241607666015625
0.315093994140625,-0.0012442016601562499
0.3155517578125,-0.001240997314453125
0.316009521484375,-0.0012451171875
0.31646728515625,-0.0012400817871093752
0.316925048828125,-0.001244049072265625
0.3173828125,-0.0012391662597656251
0.317840576171875,-0.001242218017578125
0.31829833984375,-0.0012371826171875
0.318756103515625,-0.0012405395507812502
0.3192138671875,-0.001237335205078125
0.319671630859375,-0.001238250732421875
0.32012939453125,-0.0012367248535156252
0.320587158203125,-0.0012365722656249999
0.321044921875,-0.0012365722656249999
0.321502685546875,-0.001233978271484375
0.32196044921875,-0.001236724853515625
0.322418212890625,-0.00123443603515625
0.3228759765625,-0.001236724853515625
0.323333740234375,-0.0012335205078125
0.32379150390625,-0.0012367248535156252
0.324249267578125,-0.001232147216796875
0.32470703125,-0.001234588623046875
0.325164794921875,-0.00123138427734375
0.32562255859375,-0.0012353515625000001
0.326080322265625,-0.001230316162109375
0.3265380859375,-0.00123443603515625
0.326995849609375,-0.001230010986328125
0.32745361328125,-0.001233062744140625
0.327911376953125,-0.00122833251953125
0.328369140625,-0.0012322998046874999
0.328826904296875,-0.0012289428710937499
0.32928466796875,-0.00123077392578125
0.329742431640625,-0.001228790283203125
0.3302001953125,-0.001229248046875
0.330657958984375,-0.001227874755859375
0.33111572265625,-0.001226959228515625
0.331573486328125,-0.00122833251953125
0.33203125,-0.001226348876953125
0.332489013671875,-0.001228179931640625
0.33294677734375,-0.0012248229980468752
0.333404541015625,-0.001227569580078125
0.3338623046875,-0.001222381591796875
0.334320068359375,-0.0012274169921875
0.33477783203125,-0.001222991943359375
0.335235595703125,-0.001226959228515625
0.335693359375,-0.0012225341796875
0.336151123046875,-0.001226348876953125
0.33660888671875,-0.0012219238281250002
0.337066650390625,-0.001223602294921875
0.3375244140625,-0.00122100830078125
0.337982177734375,-0.0012239074707031251
0.33843994140625,-0.00122039794921875
0.338897705078125,-0.001222686767578125
0.33935546875,-0.0012200927734375001
0.339813232421875,-0.0012210083007812502
0.34027099609375,-0.001218109130859375
0.340728759765625,-0.00121917724609375
0.3411865234375,-0.001218719482421875
0.341644287109375,-0.00121734619140625
0.34210205078125,-0.001219329833984375
0.342559814453125,-0.001215972900390625
0.343017578125,-0.00121856689453125
0.343475341796875,-0.0012132263183593749
0.34393310546875,-0.00121856689453125
0.344390869140625,-0.00121429443359375
0.3448486328125,-0.0012181091308593752
0.345306396484375,-0.001213531494140625
0.34576416015625,-0.00121795654296875
0.346221923828125,-0.001213226318359375
0.3466796875,-0.00121551513671875
0.347137451171875,-0.001212005615234375
0.34759521484375,-0.00121551513671875
0.348052978515625,-0.0012115478515625
0.3485107421875,-0.00121429443359375
0.348968505859375,-0.001211090087890625
0.34942626953125,-0.0012124633789062501
0.349884033203125,-0.00120880126953125
0.350341796875,-0.00121124267578125
0.350799560546875,-0.001210784912109375
0.35125732421875,-0.001209716796875
0.351715087890625,-0.00121063232421875
0.3521728515625,-0.0012086486816406251
0.352630615234375,-0.001210784912109375
0.35308837890625,-0.001206207275390625
0.353546142578125,-0.001210784912109375
0.35400390625,-0.00120697021484375
0.354461669921875,-0.0012109375
0.35491943359375,-0.00120697021484375
0.355377197265625,-0.001211395263671875
0.3558349609375,-0.001207427978515625
0.356292724609375,-0.00121063232421875
0.35675048828125,-0.0012086486816406251
0.357208251953125,-0.001201171875
0.357666015625,-0.001199188232421875
0.358123779296875,-0.0012103271484375
0.35858154296875,-0.001197357177734375
0.359039306640625,-0.001199951171875
0.3594970703125,-0.00120269775390625
0.359954833984375,-0.00119720458984375
0.36041259765625,-0.001195068359375
0.360870361328125,-0.001202545166015625
0.361328125,-0.00120330810546875
0.361785888671875,-0.00120208740234375
0.36224365234375,-0.00120391845703125
0.362701416015625,-0.00120025634765625
0.3631591796875,-0.00119964599609375
0.363616943359375,-0.00119354248046875
0.36407470703125,-0.001198272705078125
0.364532470703125,-0.0011962890625
0.364990234375,-0.0011944580078125
0.365447998046875,-0.00118927001953125
0.36590576171875,-0.00119903564453125
0.366363525390625,-0.001195526123046875
0.3668212890625,-0.00119903564453125
0.367279052734375,-0.0011938476562500001
0.36773681640625,-0.00119659423828125
0.368194580078125,-0.0011933898925781251
0.36865234375,-0.00119537353515625
0.369110107421875,-0.00119171142578125
0.36956787109375,-0.00119415283203125
0.370025634765625,-0.0011927795410156248
0.3704833984375,-0.0011920166015625
0.370941162109375,-0.0011920166015625
0.37139892578125,-0.0011907958984374999
0.371856689453125,-0.00119140625
0.372314453125,-0.001188507080078125
0.372772216796875,-0.0011920166015625
0.37322998046875,-0.0011883544921875
0.373687744140625,-0.001191864013671875
0.3741455078125,-0.00118743896484375
0.374603271484375,-0.00119171142578125
0.37506103515625,-0.00118621826171875
0.375518798828125,-0.00119110107421875
0.3759765625,-0.001186370849609375
0.376434326171875,-0.0011900329589843751
0.37689208984375,-0.001185302734375
0.377349853515625,-0.00118865966796875
0.3778076171875,-0.0011846923828124998
0.378265380859375,-0.001185302734375
0.37872314453125,-0.001183624267578125
0.379180908203125,-0.0011846923828125
0.379638671875,-0.0011828613281250002
0.380096435546875,-0.0011831665039062499
0.38055419921875,-0.00118255615234375
0.381011962890625,-0.001182098388671875
0.3814697265625,-0.001181182861328125
0.381927490234375,-0.001180267333984375
0.38238525390625,-0.0011822509765624998
0.382843017578125,-0.00117919921875
0.38330078125,-0.001182403564453125
0.383758544921875,-0.0011785888671875001
0.38421630859375,-0.0011822509765624998
0.384674072265625,-0.001176605224609375
0.3851318359375,-0.0011822509765624998
0.385589599609375,-0.00117767333984375
0.38604736328125,-0.001181640625
0.386505126953125,-0.00117706298828125
0.386962890625,-0.001180419921875
0.387420654296875,-0.00117645263671875
0.38787841796875,-0.001177825927734375
0.388336181640625,-0.001175994873046875
0.3887939453125,-0.001177978515625
0.389251708984375,-0.00117584228515625
0.38970947265625,-0.001176910400390625
0.390167236328125,-0.00117584228515625
0.390625,-0.0011756896972656252
0.391082763671875,-0.001175384521484375
0.39154052734375,-0.00116943359375
0.391998291015625,-0.001166229248046875
0.3924560546875,-0.0011712646484375
0.392913818359375,-0.0011749267578125
0.39337158203125,-0.001171417236328125
0.393829345703125,-0.0011669921874999998
0.394287109375,-0.001165313720703125
0.394744873046875,-0.0011718750000000002
0.39520263671875,-0.0011679077148437499
0.395660400390625,-0.0011718750000000002
0.3961181640625,-0.001166839599609375
0.396575927734375,-0.0011705017089843751
0.39703369140625,-0.0011660766601562498
0.397491455078125,-0.0011674499511718749
0.39794921875,-0.001165008544921875
0.398406982421875,-0.00116729736328125
0.39886474609375,-0.00116485595703125
0.399322509765625,-0.001166229248046875
0.3997802734375,-0.00116455078125
0.400238037109375,-0.0011640930175781249
0.40069580078125,-0.00116241455078125
0.401153564453125,-0.0011628723144531251
0.401611328125,-0.0011639404296875
0.402069091796875,-0.001161346435546875
0.40252685546875,-0.0011633300781250001
0.402984619140625,-0.00115966796875
0.4034423828125,-0.00116302490234375
0.403900146484375,-0.001157379150390625
0.40435791015625,-0.0011628723144531251
0.404815673828125,-0.001158447265625
0.4052734375,-0.001162109375
0.405731201171875,-0.0011572265625
0.40618896484375,-0.001160736083984375
0.406646728515625,-0.0011564636230468749
0.4071044921875,-0.00115875244140625
0.407562255859375,-0.00115570068359375
0.40802001953125,-0.001158447265625
0.408477783203125,-0.0011552429199218751
0.408935546875,-0.00115692138671875
0.409393310546875,-0.001154937744140625
0.40985107421875,-0.00115509033203125
0.410308837890625,-0.0011532592773437502
0.4107666015625,-0.001153717041015625
0.411224365234375,-0.00115447998046875
0.41168212890625,-0.001152496337890625
0.412139892578125,-0.001153717041015625
0.41259765625,-0.001151123046875
0.413055419921875,-0.0011529541015625
0.41351318359375,-0.001148681640625
0.413970947265625,-0.001153106689453125
0.4144287109375,-0.00114898681640625
0.414886474609375,-0.0011529541015625
0.41534423828125,-0.001148223876953125
0.415802001953125,-0.00115203857421875
0.416259765625,-0.00114654541015625
0.416717529296875,-0.0011508178710937498
0.41717529296875,-0.0011468505859375
0.417633056640625,-0.001150054931640625
0.4180908203125,-0.001146087646484375
0.418548583984375,-0.001149139404296875
0.41900634765625,-0.001137237548828125
0.419464111328125,-0.001136932373046875
0.419921875,-0.0011431884765625
0.420379638671875,-0.001143341064453125
0.42083740234375,-0.001142730712890625
0.421295166015625,-0.0011418151855468752
0.4217529296875,-0.001142425537109375
0.422210693359375,-0.0011404418945312501
0.42266845703125,-0.0011404418945312501
0.423126220703125,-0.001138763427734375
0.423583984375,-0.00114166259765625
0.424041748046875,-0.001137847900390625
0.42449951171875,-0.001141357421875
0.424957275390625,-0.00113677978515625
0.4254150390625,-0.001140289306640625
0.425872802734375,-0.001134033203125
0.42633056640625,-0.001139678955078125
0.426788330078125,-0.001135101318359375
0.42724609375,-0.00113861083984375
0.427703857421875,-0.00113494873046875
0.42816162109375,-0.0011373901367187499
0.428619384765625,-0.001134033203125
0.4290771484375,-0.001134185791015625
0.429534912109375,-0.001133270263671875
0.42999267578125,-0.001133575439453125
0.430450439453125,-0.0011323547363281251
0.430908203125,-0.001132049560546875
0.431365966796875,-0.0011312866210937498
0.43182373046875,-0.00113037109375
0.432281494140625,-0.00113006591796875
0.4327392578125,-0.0011289978027343751
0.433197021484375,-0.001131591796875
0.43365478515625,-0.0011279296875
0.434112548828125,-0.001130828857421875
0.4345703125,-0.00112640380859375
0.435028076171875,-0.001129608154296875
0.43548583984375,-0.00112396240234375
0.435943603515625,-0.0011288452148437498
0.4364013671875,-0.001124420166015625
0.436859130859375,-0.001127777099609375
0.43731689453125,-0.0011236572265625
0.437774658203125,-0.001126556396484375
0.438232421875,-0.001122894287109375
0.438690185546875,-0.0011236572265625
0.43914794921875,-0.0011224365234375
0.439605712890625,-0.001123809814453125
0.4400634765625,-0.0011224365234375
0.440521240234375,-0.00112274169921875
0.44097900390625,-0.0011224365234375
0.441436767578125,-0.0011213684082031251
0.44189453125,-0.001120758056640625
0.442352294921875,-0.001120452880859375
0.44281005859375,-0.0011227416992187502
0.443267822265625,-0.001120758056640625
0.4437255859375,-0.001121826171875
0.444183349609375,-0.0011099243164062501
0.44464111328125,-0.001113739013671875
0.445098876953125,-0.0011135864257812498
0.445556640625,-0.0011126708984374998
0.446014404296875,-0.0011065673828125002
0.44647216796875,-0.001116790771484375
0.446929931640625,-0.001112213134765625
0.4473876953125,-0.0011151123046875
0.447845458984375,-0.00111114501953125
0.44830322265625,-0.001112518310546875
0.448760986328125,-0.0011106872558593749
0.44921875,-0.00111236572265625
0.449676513671875,-0.001110076904296875
0.45013427734375,-0.0011106872558593749
0.450592041015625,-0.001109619140625
0.4510498046875,-0.00110870361328125
0.451507568359375,-0.001107635498046875
0.45196533203125,-0.001107177734375
0.452423095703125,-0.0011083984375
0.452880859375,-0.0011059570312499998
0.453338623046875,-0.0011077880859375
0.45379638671875,-0.00110443115234375
0.454254150390625,-0.001106414794921875
0.4547119140625,-0.0011018371582031251
0.455169677734375,-0.0011061096191406251
0.45562744140625,-0.00110198974609375
0.456085205078125,-0.0011054992675781248
0.45654296875,-0.0011012268066406248
0.457000732421875,-0.001103363037109375
0.45745849609375,-0.001099090576171875
0.457916259765625,-0.001102142333984375
0.4583740234375,-0.0010989379882812502
0.458831787109375,-0.0011004638671875
0.45928955078125,-0.0010983276367187498
0.459747314453125,-0.0010992431640624999
0.460205078125,-0.001097412109375
0.460662841796875,-0.00109619140625
0.46112060546875,-0.001096649169921875
0.461578369140625,-0.0010955810546875
0.4620361328125,-0.00109619140625
0.462493896484375,-0.0010943603515625
0.46295166015625,-0.0010954284667968749
0.463409423828125,-0.001092987060546875
0.4638671875,-0.00109344482421875
0.464324951171875,-0.001091461181640625
0.46478271484375,-0.0010942077636718751
0.465240478515625,-0.0010903930664062501
0.4656982421875,-0.00109344482421875
0.466156005859375,-0.001089630126953125
0.46661376953125,-0.00109283447265625
0.467071533203125,-0.001087493896484375
0.467529296875,-0.0010919189453125
0.467987060546875,-0.00108856201171875
0.46844482421875,-0.0010903930664062501
0.468902587890625,-0.001088104248046875
0.4693603515625,-0.001089935302734375
0.469818115234375,-0.00107757568359375
0.47027587890625,-0.0010798645019531252
0.470733642578125,-0.001080780029296875
0.47119140625,-0.0010839843749999999
0.471649169921875,-0.00108367919921875
0.47210693359375,-0.001082611083984375
0.472564697265625,-0.0010832214355468751
0.4730224609375,-0.00108123779296875
0.473480224609375,-0.001081085205078125
0.47393798828125,-0.0010792541503906248
0.474395751953125,-0.00108062744140625
0.474853515625,-0.00107757568359375
0.475311279296875,-0.001080322265625
0.47576904296875,-0.001076202392578125
0.476226806640625,-0.0010792541503906248
0.4766845703125,-0.001073760986328125
0.477142333984375,-0.001078033447265625
0.47760009765625,-0.00107421875
0.478057861328125,-0.001076507568359375
0.478515625,-0.0010736083984375
0.478973388671875,-0.001075592041015625
0.47943115234375,-0.001072845458984375
0.479888916015625,-0.0010726928710937502
0.4803466796875,-0.0010723876953125
0.480804443359375,-0.0010723876953125
0.48126220703125,-0.00107147216796875
0.481719970703125,-0.00107086181640625
0.482177734375,-0.0010711669921874998
0.482635498046875,-0.0010679626464843751
0.48309326171875,-0.00106903076171875
0.483551025390625,-0.001067657470703125
0.4840087890625,-0.00106903076171875
0.484466552734375,-0.00106597900390625
0.48492431640625,-0.001068267822265625
0.485382080078125,-0.00106475830078125
0.48583984375,-0.00106689453125
0.486297607421875,-0.001061859130859375
0.48675537109375,-0.001065826416015625
0.487213134765625,-0.00106231689453125
0.4876708984375,-0.00106475830078125
0.488128662109375,-0.001061553955078125
0.48858642578125,-0.00106414794921875
0.489044189453125,-0.0010614013671875
0.489501953125,-0.00106201171875
0.489959716796875,-0.001061859130859375
0.49041748046875,-0.0010639953613281248
0.490875244140625,-0.00105438232421875
0.4913330078125,-0.0010577392578125
0.491790771484375,-0.0010496520996093749
0.49224853515625,-0.0010491943359375
0.492706298828125,-0.001055145263671875
0.4931640625,-0.00104644775390625
0.493621826171875,-0.0010455322265625
0.49407958984375,-0.0010522460937500001
0.494537353515625,-0.0010540771484375
0.4949951171875,-0.001050872802734375
0.495452880859375,-0.0010528564453125
0.49591064453125,-0.0010484313964843751
0.496368408203125,-0.001051788330078125
0.496826171875,-0.001047821044921875
0.497283935546875,-0.001049957275390625
0.49774169921875,-0.001046142578125
0.498199462890625,-0.001048583984375
0.4986572265625,-0.0010446166992187501
0.499114990234375,-0.001046295166015625
0.49957275390625,-0.001044464111328125
0.500030517578125,-0.00104522705078125
0.50048828125,-0.00104339599609375
0.500946044921875,-0.00104339599609375
0.50140380859375,-0.00104217529296875
0.501861572265625,-0.0010401916503906248
0.5023193359375,-0.00104095458984375
0.502777099609375,-0.0010400390625
0.50323486328125,-0.00104034423828125
0.503692626953125,-0.0010382080078124999
0.504150390625,-0.001039276123046875
0.504608154296875,-0.00103668212890625
0.50506591796875,-0.001036834716796875
0.505523681640625,-0.001035003662109375
0.5059814453125,-0.00103729248046875
0.506439208984375,-0.00103363037109375
0.50689697265625,-0.001035919189453125
0.507354736328125,-0.00103271484375
0.5078125,-0.001034698486328125
0.508270263671875,-0.0010284423828125
0.50872802734375,-0.001032867431640625
0.509185791015625,-0.0010302734375000002
0.5096435546875,-0.001031341552734375
0.510101318359375,-0.0010296630859374998
0.51055908203125,-0.00102996826171875
0.511016845703125,-0.001028594970703125
0.511474609375,-0.0010267639160156249
0.511932373046875,-0.001027984619140625
0.51239013671875,-0.0010269165039062502
0.512847900390625,-0.0010272216796875
0.5133056640625,-0.001025543212890625
0.513763427734375,-0.00102691650390625
0.51422119140625,-0.001015472412109375
0.514678955078125,-0.001019439697265625
0.51513671875,-0.0010191345214843749
0.515594482421875,-0.001021881103515625
0.51605224609375,-0.0010186767578124999
0.516510009765625,-0.001020660400390625
0.5169677734375,-0.00101715087890625
0.517425537109375,-0.0010191345214843749
0.51788330078125,-0.00101470947265625
0.518341064453125,-0.0010183715820312501
0.518798828125,-0.00101593017578125
0.519256591796875,-0.001016998291015625
0.51971435546875,-0.0010150146484375002
0.520172119140625,-0.001016082763671875
0.5206298828125,-0.0010150146484375002
0.521087646484375,-0.001014251708984375
0.52154541015625,-0.00100921630859375
0.522003173828125,-0.00100341796875
0.5224609375,-0.001008148193359375
0.522918701171875,-0.00101226806640625
0.52337646484375,-0.001001434326171875
0.523834228515625,-0.00099853515625
0.5242919921875,-0.001004486083984375
0.524749755859375,-0.00099822998046875
0.52520751953125,-0.00100616455078125
0.525665283203125,-0.0010029602050781248
0.526123046875,-0.00100433349609375
0.526580810546875,-0.001000823974609375
0.52703857421875,-0.00100250244140625
0.527496337890625,-0.0009979248046875
0.5279541015625,-0.0010009765625
0.528411865234375,-0.00099822998046875
0.52886962890625,-0.00099945068359375
0.529327392578125,-0.000996856689453125
0.52978515625,-0.000997467041015625
0.530242919921875,-0.000995635986328125
0.53070068359375,-0.000994110107421875
0.531158447265625,-0.000994720458984375
0.5316162109375,-0.0009942626953125
0.532073974609375,-0.00099365234375
0.53253173828125,-0.000992431640625
0.532989501953125,-0.000992279052734375
0.533447265625,-0.00099029541015625
0.533905029296875,-0.000988922119140625
0.53436279296875,-0.00098876953125
0.534820556640625,-0.000989532470703125
0.5352783203125,-0.000987091064453125
0.535736083984375,-0.00098846435546875
0.53619384765625,-0.0009854125976562502
0.536651611328125,-0.000986480712890625
0.537109375,-0.0009835815429687501
0.537567138671875,-0.000986175537109375
0.53802490234375,-0.0009835815429687501
0.538482666015625,-0.000985565185546875
0.5389404296875,-0.00098419189453125
0.539398193359375,-0.000979156494140625
0.53985595703125,-0.0009745788574218751
0.540313720703125,-0.000980072021484375
0.540771484375,-0.000973968505859375
0.541229248046875,-0.000970306396484375
0.54168701171875,-0.00097808837890625
0.542144775390625,-0.0009716796875
0.5426025390625,-0.000966033935546875
0.543060302734375,-0.00097015380859375
0.54351806640625,-0.000972442626953125
0.543975830078125,-0.0009704589843749999
0.54443359375,-0.000971221923828125
0.544891357421875,-0.0009686279296875001
0.54534912109375,-0.00096954345703125
0.545806884765625,-0.0009666442871093749
0.5462646484375,-0.0009661865234375
0.546722412109375,-0.000964813232421875
0.54718017578125,-0.00096588134765625
0.547637939453125,-0.000962982177734375
0.548095703125,-0.0009637451171875
0.548553466796875,-0.000961151123046875
0.54901123046875,-0.00096221923828125
0.549468994140625,-0.0009588623046875
0.5499267578125,-0.000960235595703125
0.550384521484375,-0.000958404541015625
0.55084228515625,-0.00095855712890625
0.551300048828125,-0.0009571838378906251
0.5517578125,-0.000956573486328125
0.552215576171875,-0.000955810546875
0.55267333984375,-0.0009533691406250001
0.553131103515625,-0.00095458984375
0.5535888671875,-0.000952606201171875
0.554046630859375,-0.00095306396484375
0.55450439453125,-0.000950775146484375
0.554962158203125,-0.0009518432617187499
0.555419921875,-0.0009492492675781249
0.555877685546875,-0.0009490966796875
0.55633544921875,-0.0009475708007812499
0.556793212890625,-0.000948944091796875
0.5572509765625,-0.0009466552734375
0.557708740234375,-0.0009480285644531249
0.55816650390625,-0.00093963623046875
0.558624267578125,-0.000942840576171875
0.55908203125,-0.000943145751953125
0.559539794921875,-0.0009442138671874999
0.55999755859375,-0.000932769775390625
0.560455322265625,-0.0009393310546875
0.5609130859375,-0.0009289550781249999
0.561370849609375,-0.0009318542480468749
0.56182861328125,-0.00093505859375
0.562286376953125,-0.00093414306640625
0.562744140625,-0.000933837890625
0.563201904296875,-0.000931854248046875
0.56365966796875,-0.000932159423828125
0.564117431640625,-0.00092987060546875
0.5645751953125,-0.0009304809570312501
0.565032958984375,-0.000927734375
0.56549072265625,-0.0009284973144531249
0.565948486328125,-0.00092559814453125
0.56640625,-0.000926513671875
0.566864013671875,-0.000923309326171875
0.56732177734375,-0.000924530029296875
0.567779541015625,-0.00092132568359375
0.5682373046875,-0.000922393798828125
0.568695068359375,-0.000919952392578125
0.56915283203125,-0.00092041015625
0.569610595703125,-0.00091827392578125
0.570068359375,-0.00091796875
0.570526123046875,-0.000916290283203125
0.57098388671875,-0.0009152221679687501
0.571441650390625,-0.000914154052734375
0.5718994140625,-0.000912933349609375
0.572357177734375,-0.00091217041015625
0.57281494140625,-0.00091064453125
0.573272705078125,-0.000910491943359375
0.57373046875,-0.0009085083007812501
0.574188232421875,-0.000908660888671875
0.57464599609375,-0.00090606689453125
0.575103759765625,-0.0009063720703125
0.5755615234375,-0.0009037780761718751
0.576019287109375,-0.0009043884277343749
0.57647705078125,-0.000901947021484375
0.576934814453125,-0.00090240478515625
0.577392578125,-0.000899505615234375
0.577850341796875,-0.0009002685546875
0.57830810546875,-0.000897674560546875
0.578765869140625,-0.00089813232421875
0.5792236328125,-0.00089569091796875
0.579681396484375,-0.000895843505859375
0.58013916015625,-0.000894012451171875
0.580596923828125,-0.0008935546875
0.5810546875,-0.000891876220703125
0.581512451171875,-0.000890960693359375
0.58197021484375,-0.000889892578125
0.582427978515625,-0.000888519287109375
0.5828857421875,-0.000888214111328125
0.583343505859375,-0.00088592529296875
0.58380126953125,-0.00088592529296875
0.584259033203125,-0.00088348388671875
0.584716796875,-0.000883636474609375
0.585174560546875,-0.0008808898925781251
0.58563232421875,-0.0008815002441406249
0.586090087890625,-0.000878448486328125
0.5865478515625,-0.0008789062499999999
0.587005615234375,-0.00087615966796875
0.58746337890625,-0.00087646484375
0.587921142578125,-0.0008738708496093749
0.58837890625,-0.00087432861328125
0.588836669921875,-0.00087188720703125
0.58929443359375,-0.00087188720703125
0.589752197265625,-0.0008700561523437499
0.5902099609375,-0.000869598388671875
0.590667724609375,-0.000868072509765625
0.59112548828125,-0.000866851806640625
0.591583251953125,-0.000865936279296875
0.592041015625,-0.0008644104003906251
0.592498779296875,-0.000863800048828125
0.59295654296875,-0.000861968994140625
0.593414306640625,-0.000861358642578125
0.5938720703125,-0.000859375
0.594329833984375,-0.000859222412109375
0.59478759765625,-0.0008564758300781249
0.595245361328125,-0.0008563232421875001
0.595703125,-0.000854034423828125
0.596160888671875,-0.000854339599609375
0.59661865234375,-0.000851287841796875
0.597076416015625,-0.000851898193359375
0.5975341796875,-0.0008489990234375
0.597991943359375,-0.00084930419921875
0.59844970703125,-0.00084686279296875
0.598907470703125,-0.00084686279296875
0.599365234375,-0.0008445739746093749
0.599822998046875,-0.000844268798828125
0.60028076171875,-0.000842437744140625
0.600738525390625,-0.0008415222167968751
0.6011962890625,-0.000839996337890625
0.601654052734375,-0.0008389282226562501
0.60211181640625,-0.000837860107421875
0.602569580078125,-0.000836029052734375
0.60302734375,-0.00083526611328125
0.603485107421875,-0.000833282470703125
0.60394287109375,-0.00083251953125
0.604400634765625,-0.000830230712890625
0.6048583984375,-0.000830230712890625
0.605316162109375,-0.00082763671875
0.60577392578125,-0.000827789306640625
0.606231689453125,-0.000825042724609375
0.606689453125,-0.000825042724609375
0.607147216796875,-0.0008221435546875
0.60760498046875,-0.0008224487304687501
0.608062744140625,-0.0008197021484375
0.6085205078125,-0.0008198547363281251
0.608978271484375,-0.0008172607421875
0.60943603515625,-0.00081695556640625
0.609893798828125,-0.0008148193359375
0.6103515625,-0.000814208984375
0.610809326171875,-0.0008122253417968751
0.61126708984375,-0.00081146240234375
0.611724853515625,-0.0008097839355468749
0.6121826171875,-0.0008085632324218749
0.612640380859375,-0.0008074951171875
0.61309814453125,-0.000805511474609375
0.613555908203125,-0.0008050537109375001
0.614013671875,-0.0008026123046875
0.614471435546875,-0.000802154541015625
0.61492919921875,-0.0007995605468750001
0.615386962890625,-0.00079986572265625
0.6158447265625,-0.0007969665527343751
0.616302490234375,-0.00079681396484375
0.61676025390625,-0.0007937622070312499
0.617218017578125,-0.000794219970703125
0.61767578125,-0.0007911682128906249
0.618133544921875,-0.0007914733886718751
0.61859130859375,-0.000789031982421875
0.619049072265625,-0.0007890319824218749
0.6195068359375,-0.000786285400390625
0.619964599609375,-0.00078369140625
0.62042236328125,-0.00078369140625
0.620880126953125,-0.00078277587890625
0.621337890625,-0.00078094482421875
0.621795654296875,-0.0007794189453125
0.62225341796875,-0.0007783508300781251
0.622711181640625,-0.00077606201171875
0.6231689453125,-0.000773773193359375
0.623626708984375,-0.0007733154296875
0.62408447265625,-0.00077301025390625
0.624542236328125,-0.0007702636718750001
0.625,-0.0007702636718750001
0.625457763671875,-0.0007672119140625
0.62591552734375,-0.000766754150390625
0.626373291015625,-0.0007623291015625
0.6268310546875,-0.00076416015625
0.627288818359375,-0.000761260986328125
0.62774658203125,-0.0007611083984375
0.628204345703125,-0.00075836181640625
0.628662109375,-0.000758209228515625
0.629119873046875,-0.0007550048828125001
0.62957763671875,-0.0007537841796875001
0.630035400390625,-0.000752716064453125
0.6304931640625,-0.000751953125
0.630950927734375,-0.0007499694824218751
0.63140869140625,-0.0007487487792968749
0.631866455078125,-0.0007473754882812501
0.63232421875,-0.000743865966796875
0.632781982421875,-0.000743408203125
0.63323974609375,-0.000742034912109375
0.633697509765625,-0.000740966796875
0.6341552734375,-0.00073883056640625
0.634613037109375,-0.0007379150390625
0.63507080078125,-0.0007354736328125
0.635528564453125,-0.000732574462890625
0.635986328125,-0.000731964111328125
0.636444091796875,-0.000731658935546875
0.63690185546875,-0.000728607177734375
0.637359619140625,-0.0007284545898437499
0.6378173828125,-0.000725555419921875
0.638275146484375,-0.0007254028320312501
0.63873291015625,-0.000720062255859375
0.639190673828125,-0.000722198486328125
0.6396484375,-0.00071929931640625
0.640106201171875,-0.000718841552734375
0.64056396484375,-0.000716400146484375
0.641021728515625,-0.0007153320312499999
0.6414794921875,-0.000713348388671875
0.641937255859375,-0.00070953369140625
0.64239501953125,-0.000710296630859375
0.642852783203125,-0.00070831298828125
0.643310546875,-0.000707244873046875
0.643768310546875,-0.0007049560546875
0.64422607421875,-0.0007041931152343751
0.644683837890625,-0.0007015991210937501
0.6451416015625,-0.0006988525390625
0.645599365234375,-0.0006982421875
0.64605712890625,-0.0006976318359375
0.646514892578125,-0.000694732666015625
0.64697265625,-0.000694427490234375
0.647430419921875,-0.0006910705566406251
0.64788818359375,-0.0006906127929687501
0.648345947265625,-0.000685882568359375
0.6488037109375,-0.000687408447265625
0.649261474609375,-0.00068450927734375
0.64971923828125,-0.000683746337890625
0.650177001953125,-0.000681610107421875
0.650634765625,-0.0006805419921875
0.651092529296875,-0.00067840576171875
0.65155029296875,-0.0006748962402343751
0.652008056640625,-0.0006750488281249999
0.6524658203125,-0.00067352294921875
0.652923583984375,-0.0006716918945312499
0.65338134765625,-0.00066986083984375
0.653839111328125,-0.0006683349609375
0.654296875,-0.000666351318359375
0.654754638671875,-0.000662841796875
0.65521240234375,-0.00066253662109375
0.655670166015625,-0.000661468505859375
0.6561279296875,-0.000659027099609375
0.656585693359375,-0.000658416748046875
0.65704345703125,-0.0006555175781249999
0.657501220703125,-0.0006546020507812501
0.657958984375,-0.00064971923828125
0.658416748046875,-0.000651092529296875
0.65887451171875,-0.00064849853515625
0.659332275390625,-0.000647430419921875
0.6597900390625,-0.0006451416015625
0.660247802734375,-0.000644073486328125
0.66070556640625,-0.00064178466796875
0.661163330078125,-0.0006385803222656249
0.66162109375,-0.000638275146484375
0.662078857421875,-0.0006365966796875
0.66253662109375,-0.000634918212890625
0.662994384765625,-0.0006335449218749999
0.6634521484375,-0.00063140869140625
0.663909912109375,-0.0006292724609374999
0.66436767578125,-0.0006257629394531251
0.664825439453125,-0.00062591552734375
0.665283203125,-0.000624847412109375
0.665740966796875,-0.0006224060058593751
0.66619873046875,-0.0006216430664062499
0.666656494140625,-0.000619354248046875
0.6671142578125,-0.000618133544921875
0.667572021484375,-0.0006144714355468749
0.66802978515625,-0.00060791015625
0.668487548828125,-0.0006021118164062499
0.6689453125,-0.00060211181640625
0.669403076171875,-0.0006063842773437499
0.66986083984375,-0.00060516357421875
0.670318603515625,-0.0006025695800781249
0.6707763671875,-0.00060028076171875
0.671234130859375,-0.0005995178222656251
0.67169189453125,-0.000597991943359375
0.672149658203125,-0.00059600830078125
0.672607421875,-0.000594329833984375
0.673065185546875,-0.00059234619140625
0.67352294921875,-0.0005889892578124999
0.673980712890625,-0.000587921142578125
0.6744384765625,-0.0005868530273437499
0.674896240234375,-0.000585174560546875
0.67535400390625,-0.000583038330078125
0.675811767578125,-0.000581512451171875
0.67626953125,-0.000578765869140625
0.676727294921875,-0.000575103759765625
0.67718505859375,-0.000574951171875
0.677642822265625,-0.00057373046875
0.6781005859375,-0.0005712890625
0.678558349609375,-0.0005702209472656251
0.67901611328125,-0.000567474365234375
0.679473876953125,-0.000565948486328125
0.679931640625,-0.00056060791015625
0.680389404296875,-0.0005625915527343751
0.68084716796875,-0.00056060791015625
0.681304931640625,-0.000559234619140625
0.6817626953125,-0.000557708740234375
0.682220458984375,-0.0005567932128906249
0.68267822265625,-0.000553131103515625
0.683135986328125,-0.00054290771484375
0.68359375,-0.00054534912109375
0.684051513671875,-0.000546722412109375
0.68450927734375,-0.000544281005859375
0.684967041015625,-0.00054229736328125
0.6854248046875,-0.000540771484375
0.685882568359375,-0.000538330078125
0.68634033203125,-0.000533905029296875
0.686798095703125,-0.0005343627929687499
0.687255859375,-0.00053253173828125
0.687713623046875,-0.0005303955078125001
0.68817138671875,-0.000529022216796875
0.688629150390625,-0.000525970458984375
0.6890869140625,-0.0005245971679687499
0.689544677734375,-0.000519561767578125
0.69000244140625,-0.0005206298828125001
0.690460205078125,-0.000518646240234375
0.69091796875,-0.000516510009765625
0.691375732421875,-0.0005145263671875
0.69183349609375,-0.000512847900390625
0.692291259765625,-0.0005108642578125001
0.6927490234375,-0.000506134033203125
0.693206787109375,-0.00050689697265625
0.69366455078125,-0.000504913330078125
0.694122314453125,-0.000503082275390625
0.694580078125,-0.0005011138916015625
0.695037841796875,-0.00049884033203125
0.69549560546875,-0.0004968109130859375
0.695953369140625,-0.0004917907714843751
0.6964111328125,-0.00049285888671875
0.696868896484375,-0.0004909515380859375
0.69732666015625,-0.0004888763427734375
0.697784423828125,-0.000486968994140625
0.6982421875,-0.00048468017578125
0.698699951171875,-0.000482696533203125
0.69915771484375,-0.0004778594970703125
0.699615478515625,-0.00047871398925781246
0.7000732421875,-0.00047662353515625
0.700531005859375,-0.0004746551513671875
0.70098876953125,-0.0004727020263671875
0.701446533203125,-0.0004709014892578125
0.701904296875,-0.000468780517578125
0.702362060546875,-0.0004641265869140625
0.70281982421875,-0.0004650421142578125
0.703277587890625,-0.0004629974365234375
0.7037353515625,-0.0004609222412109375
0.704193115234375,-0.0004591522216796875
0.70465087890625,-0.0004571533203125
0.705108642578125,-0.00045486450195312503
0.70556640625,-0.0004499664306640625
0.706024169921875,-0.000450927734375
0.70648193359375,-0.000448974609375
0.706939697265625,-0.0004470367431640625
0.7073974609375,-0.000445098876953125
0.707855224609375,-0.000443206787109375
0.70831298828125,-0.00044061279296874996
0.708770751953125,-0.00043634033203125
0.709228515625,-0.0004372100830078125
0.709686279296875,-0.0004354705810546875
0.71014404296875,-0.0004337310791015625
0.710601806640625,-0.00043212890625
0.7110595703125,-0.0004306488037109375
0.711517333984375,-0.0004284515380859375
0.71197509765625,-0.00042584228515625
0.712432861328125,-0.0004269561767578125
0.712890625,-0.0004272918701171875
0.713348388671875,-0.00041806030273437505
0.71380615234375,-0.000416259765625
0.714263916015625,-0.0004107818603515625
0.7147216796875,-0.0004115447998046875
0.715179443359375,-0.0004176788330078125
0.71563720703125,-0.000414337158203125
0.716094970703125,-0.0003917236328125
0.716552734375,-0.0004047088623046875
0.717010498046875,-0.0003958892822265625
0.71746826171875,-0.000393829345703125
0.717926025390625,-0.00040301513671875
0.7183837890625,-0.0004020233154296875
0.718841552734375,-0.0003827667236328125
0.71929931640625,-0.0003716583251953125
0.719757080078125,-0.00038636779785156247
0.72021484375,-0.0003840484619140625
0.720672607421875,-0.00038043212890625003
0.72113037109375,-0.00038029479980468753
0.721588134765625,-0.0003813629150390625
0.7220458984375,-0.000379608154296875
0.722503662109375,-0.0003773040771484375
0.72296142578125,-0.00037573242187500004
0.723419189453125,-0.0003737945556640625
0.723876953125,-0.00037178039550781253
0.724334716796875,-0.00036944580078125
0.72479248046875,-0.000367889404296875
0.725250244140625,-0.0003658294677734375
0.7257080078125,-0.0003638153076171875
0.726165771484375,-0.000362030029296875
0.72662353515625,-0.0003598480224609375
0.727081298828125,-0.0003581085205078125
0.7275390625,-0.00035404968261718755
0.727996826171875,-0.0003538665771484375
0.72845458984375,-0.00035168457031250003
0.728912353515625,-0.00035000610351562504
0.7293701171875,-0.0003476104736328125
0.729827880859375,-0.0003459930419921875
0.73028564453125,-0.000343658447265625
0.730743408203125,-0.000340179443359375
0.731201171875,-0.0003397979736328125
0.731658935546875,-0.0003380584716796875
0.73211669921875,-0.000335968017578125
0.732574462890625,-0.00033453369140625
0.7330322265625,-0.00033264160156249996
0.733489990234375,-0.00033084106445312503
0.73394775390625,-0.0003275146484375
0.734405517578125,-0.00032720947265625004
0.73486328125,-0.000325469970703125
0.735321044921875,-0.0003238067626953125
0.73577880859375,-0.000322418212890625
0.736236572265625,-0.000321014404296875
0.7366943359375,-0.0003109130859375
0.737152099609375,-0.000312286376953125
0.73760986328125,-0.0003084716796875
0.738067626953125,-0.00031085205078125
0.738525390625,-0.0003092193603515625
0.738983154296875,-0.00030700683593749996
0.73944091796875,-0.0003055572509765625
0.739898681640625,-0.00030325317382812504
0.7403564453125,-0.0003007354736328125
0.740814208984375,-0.00029957580566406254
0.74127197265625,-0.000298095703125
0.741729736328125,-0.00029608154296875
0.7421875,-0.00029443359375
0.742645263671875,-0.00029248046875
0.74310302734375,-0.00029069519042968753
0.743560791015625,-0.0002870941162109375
0.7440185546875,-0.0002869415283203125
0.744476318359375,-0.00028547668457031255
0.74493408203125,-0.0002835540771484375
0.745391845703125,-0.000281494140625
0.745849609375,-0.000277618408203125
0.746307373046875,-0.00027783203125
0.74676513671875,-0.00027539062500000003
0.747222900390625,-0.0002741546630859375
0.7476806640625,-0.00027201843261718747
0.748138427734375,-0.0002706146240234375
0.74859619140625,-0.0002684326171875
0.749053955078125,-0.00026710510253906254
0.74951171875,-0.000264678955078125
0.749969482421875,-0.0002626495361328125
0.75042724609375,-0.00026165771484375
0.750885009765625,-0.00026017761230468753
0.7513427734375,-0.000258209228515625
0.751800537109375,-0.0002567291259765625
0.75225830078125,-0.000255340576171875
0.752716064453125,-0.00025238037109375
0.753173828125,-0.00024542236328125
0.753631591796875,-0.0002498931884765625
0.75408935546875,-0.00024853515625
0.754547119140625,-0.0002467193603515625
0.7550048828125,-0.0002451629638671875
0.755462646484375,-0.00024334716796875
0.75592041015625,-0.000238800048828125
0.756378173828125,-0.00023515319824218752
0.7568359375,-0.00023785400390625001
0.757293701171875,-0.00023609924316406248
0.75775146484375,-0.0002347869873046875
0.758209228515625,-0.0002329254150390625
0.7586669921875,-0.000231536865234375
0.759124755859375,-0.000223602294921875
0.75958251953125,-0.000226165771484375
0.760040283203125,-0.0002257843017578125
0.760498046875,-0.0002244415283203125
0.760955810546875,-0.00022265624999999998
0.76141357421875,-0.00022128295898437498
0.761871337890625,-0.0002196044921875
0.7623291015625,-0.0002117462158203125
0.762786865234375,-0.00021589660644531251
0.76324462890625,-0.000214447021484375
0.763702392578125,-0.00021295166015625
0.76416015625,-0.0002113800048828125
0.764617919921875,-0.00020982360839843752
0.76507568359375,-0.000208251953125
0.765533447265625,-0.00020672607421875
0.7659912109375,-0.0002052459716796875
0.766448974609375,-0.00020393371582031248
0.76690673828125,-0.0002020111083984375
0.767364501953125,-0.00020079040527343748
0.767822265625,-0.00019903564453125
0.768280029296875,-0.00019784545898437502
0.76873779296875,-0.0001959686279296875
0.769195556640625,-0.0001948699951171875
0.7696533203125,-0.00019306945800781248
0.770111083984375,-0.0001919403076171875
0.77056884765625,-0.0001902618408203125
0.771026611328125,-0.0001890869140625
0.771484375,-0.00018748474121093749
0.771942138671875,-0.00018609619140625
0.77239990234375,-0.0001847381591796875
0.772857666015625,-0.00018310546875
0.7733154296875,-0.000181640625
0.773773193359375,-0.00018083190917968749
0.77423095703125,-0.0001789398193359375
0.774688720703125,-0.0001780548095703125
0.775146484375,-0.0001766815185546875
0.775604248046875,-0.000175384521484375
0.77606201171875,-0.00017425537109375
0.776519775390625,-0.00017262268066406248
0.7769775390625,-0.0001715545654296875
0.777435302734375,-0.0001700592041015625
0.77789306640625,-0.0001690826416015625
0.778350830078125,-0.00016741943359375002
0.77880859375,-0.0001666259765625
0.779266357421875,-0.000165252685546875
0.77972412109375,-0.00016352844238281248
0.780181884765625,-0.0001627197265625
0.7806396484375,-0.0001604461669921875
0.781097412109375,-0.000158416748046875
0.78155517578125,-0.0001587677001953125
0.782012939453125,-0.0001575927734375
0.782470703125,-0.00015655517578125
0.782928466796875,-0.0001552734375
0.78338623046875,-0.0001542205810546875
0.783843994140625,-0.00015299987792968752
0.7843017578125,-0.000151824951171875
0.784759521484375,-0.000150543212890625
0.78521728515625,-0.0001495819091796875
0.785675048828125,-0.0001485748291015625
0.7861328125,-0.0001472015380859375
0.786590576171875,-0.0001461944580078125
0.78704833984375,-0.00014494323730468748
0.787506103515625,-0.00014395141601562502
0.7879638671875,-0.00014251708984375
0.788421630859375,-0.000141845703125
0.78887939453125,-0.0001404266357421875
0.789337158203125,-0.000139678955078125
0.789794921875,-0.00013832092285156252
0.790252685546875,-0.0001375274658203125
0.79071044921875,-0.00013616943359375
0.791168212890625,-0.000135498046875
0.7916259765625,-0.000134490966796875
0.792083740234375,-0.0001336517333984375
0.79254150390625,-0.00013261413574218748
0.792999267578125,-0.0001317596435546875
0.79345703125,-0.00013067626953125
0.793914794921875,-0.0001297454833984375
0.79437255859375,-0.00012875366210937498
0.794830322265625,-0.000127960205078125
0.7952880859375,-0.0001271209716796875
0.795745849609375,-0.000126220703125
0.79620361328125,-0.00012484741210937498
0.796661376953125,-0.0001237335205078125
0.797119140625,-0.000123199462890625
0.797576904296875,-0.00012210083007812498
0.79803466796875,-0.00012156677246093751
0.798492431640625,-0.0001203765869140625
0.7989501953125,-0.0001197967529296875
0.799407958984375,-0.00011872863769531251
0.79986572265625,-0.0001180877685546875
0.800323486328125,-0.000116943359375
0.80078125,-0.00011657714843750001
0.801239013671875,-0.0001155548095703125
0.80169677734375,-0.0001149749755859375
0.802154541015625,-0.0001140899658203125
0.8026123046875,-0.00011300659179687501
0.803070068359375,-0.000112091064453125
0.80352783203125,-0.00011128234863281249
0.803985595703125,-0.00011090087890625
0.804443359375,-0.00011016845703125001
0.804901123046875,-0.00010948181152343751
0.80535888671875,-0.0001087188720703125
0.805816650390625,-0.0001079864501953125
0.8062744140625,-0.0001071319580078125
0.806732177734375,-0.00010639953613281251
0.80718994140625,-0.00010566711425781251
0.807647705078125,-0.000105133056640625
0.80810546875,-0.000104217529296875
0.808563232421875,-0.0001037445068359375
0.80902099609375,-0.00010247802734375
0.809478759765625,-0.0001019744873046875
0.8099365234375,-0.00010107421875000001
0.810394287109375,-0.00010081481933593749
0.81085205078125,-0.000100250244140625
0.811309814453125,-9.9822998046875e-05
0.811767578125,-9.906005859375e-05
0.812225341796875,-9.86328125e-05
0.81268310546875,-9.79156494140625e-05
0.813140869140625,-9.72137451171875e-05
0.8135986328125,-9.6832275390625e-05
0.814056396484375,-9.6282958984375e-05
0.81451416015625,-9.53826904296875e-05
0.814971923828125,-9.48333740234375e-05
0.8154296875,-9.40399169921875e-05
0.815887451171875,-9.36737060546875e-05
0.81634521484375,-9.307861328125e-05
0.816802978515625,-9.26513671875e-05
0.8172607421875,-9.22393798828125e-05
0.817718505859375,-9.15679931640625e-05
0.81817626953125,-9.08203125e-05
0.818634033203125,-9.007263183593751e-05
0.819091796875,-9.010314941406249e-05
0.819549560546875,-8.938598632812501e-05
0.82000732421875,-8.92791748046875e-05
0.820465087890625,-8.81805419921875e-05
0.8209228515625,-8.782958984375e-05
0.821380615234375,-8.71734619140625e-05
0.82183837890625,-8.6761474609375e-05
0.822296142578125,-8.6517333984375e-05
0.82275390625,-8.5968017578125e-05
0.823211669921875,-8.555603027343749e-05
0.82366943359375,-8.532714843750001e-05
0.824127197265625,-8.49609375e-05
0.8245849609375,-8.4716796875e-05
0.825042724609375,-8.39691162109375e-05
0.82550048828125,-8.3343505859375e-05
0.825958251953125,-8.3160400390625e-05
0.826416015625,-8.126831054687501e-05
0.826873779296875,-7.992553710937499e-05
0.82733154296875,-8.105468749999999e-05
0.827789306640625,-8.10394287109375e-05
0.8282470703125,-8.04443359375e-05
0.828704833984375,-8.01544189453125e-05
0.82916259765625,-7.92083740234375e-05
0.829620361328125,-7.92236328125e-05
0.830078125,-7.90252685546875e-05
0.830535888671875,-7.8765869140625e-05
0.83099365234375,-7.8277587890625e-05
0.831451416015625,-7.8033447265625e-05
0.8319091796875,-7.757568359375e-05
0.832366943359375,-7.7056884765625e-05
0.83282470703125,-7.681274414062501e-05
0.833282470703125,-7.6568603515625e-05
0.833740234375,-7.621765136718749e-05
0.834197998046875,-7.601928710937499e-05
0.83465576171875,-7.530212402343751e-05
0.835113525390625,-7.47528076171875e-05
0.8355712890625,-7.4493408203125e-05
0.836029052734375,-7.4432373046875e-05
0.83648681640625,-7.412719726562501e-05
0.836944580078125,-7.37457275390625e-05
0.83740234375,-7.347106933593749e-05
0.837860107421875,-7.308959960937499e-05
0.83831787109375,-7.2784423828125e-05
0.838775634765625,-7.2235107421875e-05
0.8392333984375,-7.2235107421875e-05
0.839691162109375,-7.183837890625e-05
0.84014892578125,-7.18536376953125e-05
0.840606689453125,-7.14569091796875e-05
0.841064453125,-7.14263916015625e-05
0.841522216796875,-7.11517333984375e-05
0.84197998046875,-7.080078125000001e-05
0.842437744140625,-6.88323974609375e-05
0.8428955078125,-6.99310302734375e-05
0.843353271484375,-6.95953369140625e-05
0.84381103515625,-6.94427490234375e-05
0.844268798828125,-6.91375732421875e-05
0.8447265625,-6.866455078125e-05
0.845184326171875,-6.84661865234375e-05
0.84564208984375,-6.82525634765625e-05
0.846099853515625,-6.79779052734375e-05
0.8465576171875,-6.771850585937501e-05
0.847015380859375,-6.752014160156251e-05
0.84747314453125,-6.719970703125e-05
0.847930908203125,-6.68487548828125e-05
0.848388671875,-6.6650390625e-05
0.848846435546875,-6.6436767578125e-05
0.84930419921875,-6.604003906249999e-05
0.849761962890625,-6.6253662109375e-05
0.8502197265625,-6.59637451171875e-05
0.850677490234375,-6.59027099609375e-05
0.85113525390625,-6.561279296875e-05
0.851593017578125,-6.5185546875e-05
0.85205078125,-6.468200683593751e-05
0.852508544921875,-6.40411376953125e-05
0.85296630859375,-6.451416015625e-05
0.853424072265625,-6.439208984375001e-05
0.8538818359375,-6.417846679687499e-05
0.854339599609375,-6.3995361328125e-05
0.85479736328125,-6.365966796875001e-05
0.855255126953125,-6.35986328125e-05
0.855712890625,-6.3323974609375e-05
0.856170654296875,-6.31866455078125e-05
0.85662841796875,-6.30035400390625e-05
0.857086181640625,-6.27899169921875e-05
0.8575439453125,-6.262207031249999e-05
0.858001708984375,-6.24847412109375e-05
0.85845947265625,-6.23626708984375e-05
0.858917236328125,-6.228637695312501e-05
0.859375,-6.202697753906249e-05
0.859832763671875,-6.1309814453125e-05
0.86029052734375,-6.158447265625e-05
0.860748291015625,-6.134033203125e-05
0.8612060546875,-6.11114501953125e-05
0.861663818359375,-6.0546875e-05
0.86212158203125,-6.0638427734375e-05
0.862579345703125,-6.05926513671875e-05
0.863037109375,-6.0562133789062505e-05
0.863494873046875,-6.0333251953125e-05
0.86395263671875,-6.0211181640624996e-05
0.864410400390625,-5.9875488281250006e-05
0.8648681640625,-5.97686767578125e-05
0.865325927734375,-5.9585571289062504e-05
0.86578369140625,-5.94940185546875e-05
0.866241455078125,-5.9326171875e-05
0.86669921875,-5.90972900390625e-05
0.867156982421875,-5.8914184570312496e-05
0.86761474609375,-5.8837890625e-05
0.868072509765625,-5.87158203125e-05
0.8685302734375,-5.82275390625e-05
0.868988037109375,-5.8258056640624994e-05
0.86944580078125,-5.8135986328125e-05
0.869903564453125,-5.79986572265625e-05
0.870361328125,-5.792236328125e-05
0.870819091796875,-5.7952880859375e-05
0.87127685546875,-5.7708740234375e-05
0.871734619140625,-5.7693481445312495e-05
0.8721923828125,-5.75103759765625e-05
0.872650146484375,-5.7556152343750004e-05
0.87310791015625,-5.70220947265625e-05
0.873565673828125,-5.68389892578125e-05
0.8740234375,-5.6869506835937505e-05
0.874481201171875,-5.6747436523437505e-05
0.87493896484375,-5.65948486328125e-05
0.875396728515625,-5.6488037109375e-05
0.8758544921875,-5.6365966796875e-05
0.876312255859375,-5.6243896484375e-05
0.87677001953125,-5.609130859375e-05
0.877227783203125,-5.5999755859375e-05
0.877685546875,-5.5892944335937504e-05
0.878143310546875,-5.57098388671875e-05
0.87860107421875,-5.5633544921875e-05
0.879058837890625,-5.55877685546875e-05
0.8795166015625,-5.548095703125e-05
0.879974365234375,-5.52978515625e-05
0.88043212890625,-5.53436279296875e-05
0.880889892578125,-5.51605224609375e-05
0.88134765625,-5.50689697265625e-05
0.881805419921875,-5.49468994140625e-05
0.88226318359375,-5.4931640624999995e-05
0.882720947265625,-5.4656982421875e-05
0.8831787109375,-5.474853515625e-05
0.883636474609375,-5.47637939453125e-05
0.88409423828125,-5.4199218749999994e-05
0.884552001953125,-5.3955078125e-05
0.885009765625,-5.377197265625e-05
0.885467529296875,-5.4046630859375e-05
0.88592529296875,-5.3878784179687495e-05
0.886383056640625,-5.377197265625e-05
0.8868408203125,-5.3634643554687495e-05
0.887298583984375,-5.35888671875e-05
0.88775634765625,-5.34515380859375e-05
0.888214111328125,-5.34210205078125e-05
0.888671875,-5.36651611328125e-05
0.889129638671875,-5.364990234375e-05
0.88958740234375,-5.3253173828125e-05
0.890045166015625,-5.2566528320312504e-05
0.8905029296875,-5.2520751953125e-05
0.890960693359375,-5.303955078125e-05
0.89141845703125,-5.267333984375e-05
0.891876220703125,-5.2444458007812504e-05
0.892333984375,-5.194091796875e-05
0.892791748046875,-5.24139404296875e-05
0.89324951171875,-5.26275634765625e-05
0.893707275390625,-5.230712890625e-05
0.8941650390625,-5.1971435546875e-05
0.894622802734375,-5.2001953125e-05
0.89508056640625,-5.17578125e-05
0.895538330078125,-5.2001953125e-05
0.89599609375,-5.1788330078125e-05
0.896453857421875,-5.16815185546875e-05
0.89691162109375,-5.16357421875e-05
0.897369384765625,-5.17730712890625e-05
0.8978271484375,-5.16815185546875e-05
0.898284912109375,-5.16815185546875e-05
0.89874267578125,-5.1239013671875e-05
0.899200439453125,-5.11016845703125e-05
0.899658203125,-5.133056640625e-05
0.900115966796875,-5.1177978515625e-05
0.90057373046875,-5.12237548828125e-05
0.901031494140625,-5.0674438476562496e-05
0.9014892578125,-5.0689697265625e-05
0.901947021484375,-5.078125e-05
0.90240478515625,-5.0872802734374994e-05
0.902862548828125,-5.0796508789062496e-05
0.9033203125,-5.06134033203125e-05
0.903778076171875,-5.05828857421875e-05
0.90423583984375,-5.0552368164062496e-05
0.904693603515625,-5.0445556640625e-05
0.9051513671875,-5.04913330078125e-05
0.905609130859375,-4.9896240234374993e-05
0.90606689453125,-4.97894287109375e-05
0.906524658203125,-4.9713134765625e-05
0.906982421875,-4.94537353515625e-05
0.907440185546875,-4.931640625e-05
0.90789794921875,-4.9499511718749997e-05
0.908355712890625,-4.97589111328125e-05
0.9088134765625,-4.96368408203125e-05
0.909271240234375,-4.96368408203125e-05
0.90972900390625,-4.95147705078125e-05
0.910186767578125,-4.95452880859375e-05
0.91064453125,-4.94232177734375e-05
0.911102294921875,-4.9453735351562495e-05
0.91156005859375,-4.9377441406249996e-05
0.912017822265625,-4.9163818359375006e-05
0.9124755859375,-4.8995971679687505e-05
0.912933349609375,-4.90875244140625e-05
0.91339111328125,-4.89654541015625e-05
0.913848876953125,-4.90264892578125e-05
0.914306640625,-4.89349365234375e-05
0.914764404296875,-4.86602783203125e-05
0.91522216796875,-4.8263549804687504e-05
0.915679931640625,-4.85992431640625e-05
0.9161376953125,-4.84161376953125e-05
0.916595458984375,-4.84466552734375e-05
0.91705322265625,-4.82940673828125e-05
0.917510986328125,-4.8263549804687504e-05
0.91796875,-4.840087890625e-05
0.918426513671875,-4.82940673828125e-05
0.91888427734375,-4.8263549804687504e-05
0.919342041015625,-4.82177734375e-05
0.9197998046875,-4.82025146484375e-05
0.920257568359375,-4.8126220703125e-05
0.92071533203125,-4.815673828125e-05
0.921173095703125,-4.8141479492187504e-05
0.921630859375,-4.77294921875e-05
0.922088623046875,-4.7592163085937497e-05
0.92254638671875,-4.7576904296875e-05
0.923004150390625,-4.7271728515625e-05
0.9234619140625,-4.7348022460937496e-05
0.923919677734375,-4.7454833984375005e-05
0.92437744140625,-4.7454833984375005e-05
0.924835205078125,-4.73785400390625e-05
0.92529296875,-4.72869873046875e-05
0.925750732421875,-4.72564697265625e-05
0.92620849609375,-4.73175048828125e-05
0.926666259765625,-4.6844482421875e-05
0.9271240234375,-4.6615600585937496e-05
0.927581787109375,-4.64630126953125e-05
0.92803955078125,-4.6569824218749994e-05
0.928497314453125,-4.6875e-05
0.928955078125,-4.67987060546875e-05
0.929412841796875,-4.6737670898437496e-05
0.92987060546875,-4.6722412109375004e-05
0.930328369140625,-4.6615600585937496e-05
0.9307861328125,-4.65850830078125e-05
0.931243896484375,-4.65850830078125e-05
0.93170166015625,-4.6493530273437496e-05
0.932159423828125,-4.65240478515625e-05
0.9326171875,-4.63104248046875e-05
0.933074951171875,-4.63409423828125e-05
0.93353271484375,-4.6295166015625e-05
0.933990478515625,-4.6295166015625e-05
0.9344482421875,-4.62188720703125e-05
0.934906005859375,-4.62799072265625e-05
0.93536376953125,-4.62799072265625e-05
0.935821533203125,-4.6417236328125e-05
0.936279296875,-4.59442138671875e-05
0.936737060546875,-4.6081542968749993e-05
0.93719482421875,-4.656982421875e-05
0.937652587890625,-4.58526611328125e-05
0.9381103515625,-4.58221435546875e-05
0.938568115234375,-4.53948974609375e-05
0.93902587890625,-4.5303344726562505e-05
0.939483642578125,-4.5196533203125e-05
0.93994140625,-4.54559326171875e-05
0.940399169921875,-4.5379638671875e-05
0.94085693359375,-4.53643798828125e-05
0.941314697265625,-4.52880859375e-05
0.9417724609375,-4.53643798828125e-05
0.942230224609375,-4.5303344726562505e-05
0.94268798828125,-4.5117187500000005e-05
0.943145751953125,-4.49798583984375e-05
0.943603515625,-4.5074462890624996e-05
0.944061279296875,-4.50897216796875e-05
0.94451904296875,-4.522705078125e-05
0.944976806640625,-4.46319580078125e-05
0.9454345703125,-4.4573974609375e-05
0.945892333984375,-4.4287109375e-05
0.94635009765625,-4.42962646484375e-05
0.946807861328125,-4.414215087890625e-05
0.947265625,-4.4313049316406245e-05
0.947723388671875,-4.415283203125e-05
0.94818115234375,-4.4677734375e-05
0.948638916015625,-4.44976806640625e-05
0.9490966796875,-4.4082641601562504e-05
0.949554443359375,-4.45098876953125e-05
0.95001220703125,-4.4158935546875e-05
0.950469970703125,-4.40521240234375e-05
0.950927734375,-4.391326904296875e-05
0.951385498046875,-4.390106201171875e-05
0.95184326171875,-4.3792724609375e-05
0.952301025390625,-4.3644714355468744e-05
0.9527587890625,-4.3588256835937504e-05
0.953216552734375,-4.3814086914062506e-05
0.95367431640625,-4.3701171875e-05
0.954132080078125,-4.380035400390625e-05
0.95458984375,-4.36614990234375e-05
0.955047607421875,-4.3487548828125e-05
0.95550537109375,-4.339752197265625e-05
0.955963134765625,-4.329986572265625e-05
0.9564208984375,-4.307861328125e-05
0.956878662109375,-4.31396484375e-05
0.95733642578125,-4.30999755859375e-05
0.957794189453125,-4.307098388671875e-05
0.958251953125,-4.319305419921875e-05
0.958709716796875,-4.328460693359375e-05
0.95916748046875,-4.335174560546875e-05
0.959625244140625,-4.290313720703125e-05
0.9600830078125,-4.2694091796875e-05
0.960540771484375,-4.316253662109375e-05
0.96099853515625,-4.260101318359375e-05
0.961456298828125,-4.25262451171875e-05
0.9619140625,-4.282379150390625e-05
0.962371826171875,-4.264068603515625e-05
0.96282958984375,-4.2262268066406254e-05
0.963287353515625,-4.2213439941406246e-05
0.9637451171875,-4.245452880859375e-05
0.964202880859375,-4.24224853515625e-05
0.96466064453125,-4.2428588867187496e-05
0.965118408203125,-4.212799072265625e-05
0.965576171875,-4.2034912109375e-05
0.966033935546875,-4.178314208984375e-05
0.96649169921875,-4.156646728515625e-05
0.966949462890625,-4.1825866699218755e-05
0.9674072265625,-4.19281005859375e-05
0.967864990234375,-4.212493896484375e-05
0.96832275390625,-4.178009033203125e-05
0.968780517578125,-4.161834716796875e-05
0.96923828125,-4.18182373046875e-05
0.969696044921875,-4.14337158203125e-05
0.97015380859375,-4.142303466796875e-05
0.970611572265625,-4.1358947753906245e-05
0.9710693359375,-4.137420654296875e-05
0.971527099609375,-4.136962890625e-05
0.97198486328125,-4.1093444824218754e-05
0.972442626953125,-4.143218994140625e-05
0.972900390625,-4.1108703613281246e-05
0.973358154296875,-4.10369873046875e-05
0.97381591796875,-4.086761474609375e-05
0.974273681640625,-4.114837646484375e-05
0.9747314453125,-4.087371826171875e-05
0.975189208984375,-4.096832275390625e-05
0.97564697265625,-4.096832275390625e-05
0.976104736328125,-4.0766906738281256e-05
0.9765625,-4.0472412109375e-05
0.977020263671875,-4.089202880859375e-05
0.97747802734375,-4.052276611328125e-05
0.977935791015625,-4.032440185546875e-05
0.9783935546875,-4.0399169921874996e-05
0.978851318359375,-4.044952392578125e-05
0.97930908203125,-4.03411865234375e-05
0.979766845703125,-4.01580810546875e-05
0.980224609375,-4.01519775390625e-05
0.980682373046875,-4.012908935546875e-05
0.98114013671875,-4.00543212890625e-05
0.981597900390625,-3.9813232421875e-05
0.9820556640625,-3.97796630859375e-05
0.982513427734375,-3.9747619628906247e-05
0.98297119140625,-3.958587646484375e-05
0.983428955078125,-3.9587402343750004e-05
0.98388671875,-3.949737548828125e-05
0.984344482421875,-3.9273071289062505e-05
0.98480224609375,-3.93035888671875e-05
0.985260009765625,-3.913116455078125e-05
0.9857177734375,-3.8983154296875e-05
0.986175537109375,-3.88458251953125e-05
0.98663330078125,-3.904876708984375e-05
0.987091064453125,-3.89251708984375e-05
0.987548828125,-3.883209228515625e-05
0.988006591796875,-3.8819885253906254e-05
0.98846435546875,-3.88275146484375e-05
0.988922119140625,-3.8668823242187504e-05
0.9893798828125,-3.86383056640625e-05
0.989837646484375,-3.856353759765625e-05
0.99029541015625,-3.8458251953125e-05
0.990753173828125,-3.8363647460937496e-05
0.9912109375,-3.80279541015625e-05
0.991668701171875,-3.802947998046875e-05
0.99212646484375,-3.810577392578125e-05
0.992584228515625,-3.804779052734375e-05
0.9930419921875,-3.7930297851562504e-05
0.993499755859375,-3.7823486328125e-05
0.99395751953125,-3.766326904296875e-05
0.994415283203125,-3.75396728515625e-05
0.994873046875,-3.731231689453125e-05
0.995330810546875,-3.734893798828125e-05
0.99578857421875,-3.7152099609375e-05
0.996246337890625,-3.7214660644531254e-05
0.9967041015625,-3.71002197265625e-05
0.997161865234375,-3.70452880859375e-05
0.99761962890625,-3.721160888671875e-05
0.998077392578125,-3.6798095703125e-05
0.99853515625,-3.6720275878906255e-05
0.998992919921875,-3.67034912109375e-05
0.99945068359375,-3.68011474609375e-05
0.999908447265625,-3.652801513671875e-05
1.0003662109375,-3.639373779296876e-05
1.00082397460938,-3.6410522460937495e-05
1.00128173828125,-3.613433837890625e-05
1.00173950195313,-3.602142333984375e-05
1.002197265625,-3.595733642578125e-05
1.00265502929688,-3.585968017578125e-05
1.00311279296875,-3.56475830078125e-05
1.00357055664063,-3.5479736328124996e-05
1.0040283203125,-3.53790283203125e-05
1.00448608398438,-3.5186767578125e-05
1.00494384765625,-3.490142822265625e-05
1.00540161132813,-3.485870361328125e-05
1.005859375,-3.483734130859375e-05
1.00631713867188,-3.4667968750000004e-05
1.00677490234375,-3.46405029296875e-05
1.00723266601563,-3.422698974609375e-05
1.0076904296875,-3.46466064453125e-05
1.00814819335938,-3.45733642578125e-05
1.00860595703125,-3.451385498046875e-05
1.00906372070313,-3.39569091796875e-05
1.009521484375,-3.3843994140625e-05
1.00997924804688,-3.383026123046875e-05
1.01043701171875,-3.3700561523437495e-05
1.01089477539063,-3.33831787109375e-05
1.0113525390625,-3.3444213867187496e-05
1.01181030273438,-3.314666748046875e-05
1.01226806640625,-3.296051025390625e-05
1.01272583007813,-3.277587890625e-05
1.01318359375,-3.276824951171875e-05
1.01364135742188,-3.2666015624999994e-05
1.01409912109375,-3.251190185546875e-05
1.01455688476563,-3.2415771484375e-05
1.0150146484375,-3.21868896484375e-05
1.01547241210938,-3.207244873046875e-05
1.01593017578125,-3.189697265625e-05
1.01638793945313,-3.170928955078125e-05
1.016845703125,-3.152618408203125e-05
1.01730346679688,-3.1378173828125e-05
1.01776123046875,-3.123016357421875e-05
1.01821899414063,-3.1025695800781245e-05
1.0186767578125,-3.08197021484375e-05
1.01913452148438,-3.069305419921875e-05
1.01959228515625,-3.057708740234375e-05
1.02005004882813,-3.048858642578125e-05
1.0205078125,-3.0184936523437503e-05
1.02096557617188,-2.922210693359375e-05
1.02142333984375,-2.926483154296875e-05
1.02188110351563,-2.9396057128906248e-05
1.0223388671875,-2.911224365234375e-05
1.02279663085938,-2.9000854492187498e-05
1.02325439453125,-2.879638671875e-05
1.02371215820313,-2.87017822265625e-05
1.024169921875,-2.7456665039062498e-05
1.02462768554688,-2.71026611328125e-05
1.02508544921875,-2.731170654296875e-05
1.02554321289063,-2.73651123046875e-05
1.0260009765625,-2.7125549316406247e-05
1.02645874023438,-2.686614990234375e-05
1.02691650390625,-2.664947509765625e-05
1.02737426757813,-2.64068603515625e-05
1.02783203125,-2.608642578125e-05
1.02828979492188,-2.58514404296875e-05
1.02874755859375,-2.55340576171875e-05
1.02920532226563,-2.5422668457031252e-05
1.0296630859375,-2.5227355957031253e-05
1.03012084960938,-2.5119018554687498e-05
1.03057861328125,-2.49298095703125e-05
